0.3333333333333333
0.3333333333333333
0.3333333333333333
0.3333333333333333
0.3333333333333333
0.3333333333333333
0.3333333333333333
0.3333333333333333
0.3333333333333333
0.3333333333333333
0.2550947519931563
0.2559513579409482
0.2567090951052535
0.25735998933881443
0.2579373758984952
0.2584678100833671
0.25894344318040363
0.2593713071726007
0.25812812954031433
0.25843018456370426
0.2587098630071086
0.25896088132731393
0.25919023810043706
0.2593860277275387
0.2595630650188454
0.25972800748406083
0.2598818870779446
0.2600256318401462
0.26015452626379243
0.2602746117161576
0.2603876700560595
0.2604846867483721
0.2605706924424818
0.2606504868987154
0.2607252206356399
0.2607952812323383
0.2608610214556752
0.26092276281910176
0.26097567466594035
0.26102261294022744
0.26106664978170085
0.2611061532126056
0.26113179868026926
0.2611555558731158
0.26117756499689904
0.2611974391645143
0.261213814624708
0.261227900448666
0.2612406191862706
0.2612522494424408
0.2612628700523158
0.2612725535926442
0.26128136693786724
0.2612893717613258
0.2612966249874656
0.26130072987777964
0.2613027331408832
0.2613042403780215
0.2613052886797712
0.26130591232769634
0.2613037954129392
0.26129682944485294
0.2612896999545319
0.2612824257365968
0.2612750240530533
0.2612675107614277
0.26125990043135655
0.26125220645068725
0.2612444411222642
0.26123661575214996
0.2612287407301383
0.26122082560336857
0.2612128791435649
0.26120428239676324
0.2611950179065123
0.2611857723865925
0.26117655116025956
0.26116735907458427
0.261158200538232
0.26114907955618244
0.26113999976152436
0.26113096444474415
0.26112197658056946
0.2611130388526931
0.2611041536765521
0.26109532322017703
0.26108654942354353
0.26107783401627804
0.2610691785340287
0.26105989460441
0.2610493387825202
0.2610388843099356
0.26102853103200513
0.26101827870365074
0.2610081269977957
0.2609980755129722
0.26098910944945647
0.26098069243415867
0.26097007687950147
0.2609582457081575
