0.2312541978060459
0.20226723419117418
0.1784698451448434
0.15860409972396025
0.14183201916411356
0.12754163467805676
0.11526888121521132
0.10465428249129417
0.09541511928563465
0.08732630592768402
0.08020675943234146
0.07390944748949375
0.06831399106768556
0.06332108553286087
0.05884824095951755
0.05482649424987741
0.05119784659868376
0.0479132486072001
0.04493100315650387
0.04221548994301997
0.0397361398093878
0.037466604596412045
0.03538408115931808
0.033468757773174304
0.03170335832607878
0.030072765116004707
0.028563705190862335
0.02716448833375588
0.025864787237628143
0.024655452311950567
0.023528355049060642
0.02247625504607531
0.02149268670265935
0.020571862350120575
0.0197085891550114
0.018898197612473803
0.018136479825495704
0.0174196360749767
0.016744228436786773
0.016107140407349948
0.01550554166775451
0.014936857255113949
0.014398740524549626
0.013889049380240078
0.013405825333088007
0.012947275008590456
0.012511753783791229
0.0120977512786304
0.011703878466123552
0.011328856198841353
0.01097150497714256
0.010630735808379262
0.010305542026521975
0.009994991958924077
0.00969822234171297
0.009414432397967047
0.009142878503725523
0.00888286937625467
0.00863376172709233
0.008394956329393098
0.008165894455168465
0.007946054643284791
0.007734949763671671
0.007532124347188644
0.007337152154091522
0.0071496339570949596
0.006969195517703891
0.006795485736835784
0.006628174962826318
0.006466953441725148
0.00631152989639767
0.006161630222366907
0.00601699628958104
0.005877384840407306
0.005742566475137366
0.00561232471716543
0.005486455150781319
0.00536476462521442
0.0052470705191833234
0.005133200060761581
0.0050229896978615084
0.004916284515085287
0.004812937693085284
0.004712810006935801
0.004615769360336917
0.004521690352757565
0.004430453876889532
0.0043419467440111905
0.004256061335076307
0.0041726952755315695
0.00409175113203762
0.004013136129427074
0.003936761886373132
0.003862544168368671
0.0037904026567366243
0.0037202607324921784
0.003652045273979021
0.0035856864672859008
0.0035211176285302346
0.0034582750371685376
