0.0
0.0
0.0
0.0
0.0
0.0
0.0
0.0
0.0
0.0
0.3550536567222018
0.352344030390248
0.348816987545626
0.3441612290089509
0.34192148633336833
0.3386548234294586
0.30403262010726534
0.29895778218071717
0.2948384422143692
0.29252140750595135
0.29044408666671206
0.28741613979014435
0.2858488345189975
0.28441079840751304
0.28308253409240236
0.28186174193993974
0.2807070413704252
0.27964055754748024
0.27863512644837124
0.2776915607021767
0.2768062840290032
0.2759658021014504
0.2751837239987709
0.2744424449049041
0.27373636978894605
0.27306658594104927
0.2724269720693301
0.27180962581566914
0.2712241825832701
0.2706696464895686
0.27013683206179956
0.2696245258878307
0.26913160054633173
0.26865408773269916
0.2681903375629091
0.2677435019890319
0.2673126949255521
0.2668949601271405
0.26648445938441045
0.2660882719063238
0.26570567861217104
0.2653360766447084
0.264979073487389
0.26463375353300805
0.26429956365140284
0.26397598445185716
0.2636661637776988
0.26336922496018833
0.26308111006901785
0.2628014382325913
0.26252984983131844
0.2622724565778254
0.2620272282550191
0.26178852729230373
0.261556289824471
0.26133098104721436
0.261111614288421
0.2608977704888586
0.2606892463217589
0.26048584818929366
0.26028739165550296
0.26009370091784656
0.25990460831441053
0.25971995386402474
0.2595395722838591
0.25936325924593073
0.2591909580447823
0.25902252611910653
0.2588584752009196
0.25869882880672196
0.25854262327693994
0.2583897496320335
0.25824010340074105
0.258093584391752
0.25795009647896183
0.2578109152649031
0.2576756472344039
0.25754304726053856
0.25741303786945136
0.25728554453015173
0.25716049551749315
0.2570378217826499
0.25691745533014565
0.2567992847212094
0.2566832986803374
0.2565694376511129
0.25645764420491596
0.2563478629475556
0.25624004043073473
0.25613412506805683
