0.32476588502364445
0.29845176047939337
0.27396178611411537
0.2511722358447156
0.2299599885471325
0.21020552990092506
0.19179490966365526
0.1746209080295275
0.15858362329117565
0.1435906501473842
0.12955697903725966
0.11640471401002589
0.10406268022551235
0.09246597168141146
0.08155547427262566
0.07127738783273463
0.06158276249482825
0.05242705878262899
0.04376973669382822
0.03557387619116159
0.027805829611745714
0.02043490527166425
0.013433080781859452
0.006774744158277057
0.00043646059960658623
-0.005603237254556914
-0.01136403773632233
-0.016864019288319876
-0.02211980225400878
-0.027146685097425904
-0.031958766677305434
-0.036569056049219284
-0.04098957112446594
-0.04523142737855321
-0.04930491767664119
-0.05321958416872016
-0.056984283103520605
-0.06060724331674627
-0.0640961190655572
-0.06745803780654966
-0.07069964344801083
-0.07382713554817089
-0.07684630487879551
-0.07976256572704071
-0.08258098526738111
-0.08530631029903066
-0.08794299161205638
-0.09049520621686702
-0.09296687764650333
-0.09536169451878418
-0.0976831275255357
-0.09993444499854456
-0.10211872718627324
-0.10423887936151527
-0.10629764386785184
-0.10829761120181311
-0.11024123021789317
-0.11213081753487367
-0.1139685662141573
-0.11575655377388977
-0.11749674959646103
-0.119191021781445
-0.12084114349107841
-0.1224487988309414
-0.12401558830451595
-0.12554303387672133
-0.12703258367830872
-0.12848561638010353
-0.12990344526347722
-0.13128732201108095
-0.13263844023975258
-0.13395793879559337
-0.13524690482948026
-0.1365063766697107
-0.13773734650706002
-0.1389407629062435
-0.14011753315660785
-0.14126852547381738
-0.14239457106333564
-0.1434964660556265
-0.14457497332220107
-0.1456308241809085
-0.14666471999820496
-0.14767733369553043
-0.14866931116636833
-0.1496412726100575
-0.15059381378796333
-0.1515275072071904
-0.15244290323663096
-0.1533405311597862
-0.15422090016847195
-0.15508450030121834
-0.15593180332989742
-0.15676326359785944
-0.15757931881262383
-0.15838039079595567
-0.15916688619396085
-0.15993919714964855
-0.16069770194024258
-0.16144276558136522
