1.2901331814024852
3.3876401915043237
4.889951069220695
5.886412669903998
6.482395733441566
6.7802944439562784
6.867918633246473
6.8143189296743225
6.670544171454722
6.472675677298036
6.245358545722875
6.004955472788578
5.762038911724994
5.523230211809768
5.29250205403297
5.072077364981675
4.863039574899658
4.665742374911325
4.480082650966877
4.305681038255108
4.142000500690644
3.988423496702308
3.8443015477645104
3.708986464556204
3.581849422252351
3.4622920258829053
3.349752135292595
3.243706301548421
3.14367005174791
3.0491968465057484
2.9598762570164485
2.875331721947841
2.795218118793075
2.719219299816961
2.647045686039015
2.5784319748218882
2.5131349915153165
2.4509316991356984
2.3916173694467386
2.335003912149441
2.2809183548912704
2.2292014645822285
2.1797064994537285
2.1322980810045995
2.086851175166179
2.043250172496836
2.0013880578581964
1.961165660746031
1.9224909781945998
1.8852785629071809
1.8494489699692211
1.8149282561580578
1.7816475264730625
1.7495425230654968
1.7185532522536748
1.6886236457639
1.659701252748579
1.6317369594986069
1.6046847340966082
1.5785013935489944
1.5531463911967887
1.5285816224365765
1.5047712469901795
1.4816815261456213
1.4592806735553678
1.4375387183238781
1.4164273792461914
1.3959199491746987
1.3759911885944998
1.356617227579639
1.3377754753839692
1.3194445369948171
1.30160413604147
1.2842350435106893
1.267319011772856
1.2508387134693364
1.2347776848548393
1.2191202732249082
1.203851588093914
1.1889574558187135
1.1744243773913625
1.1602394891482495
1.1463905261661942
1.1328657881356146
1.119654107519916
1.1067448198254493
1.09412773582311
1.0817931155743135
1.0697316441280302
1.057934408765421
1.0463928776795675
1.0350988799867047
1.0240445869734263
1.0132224944928483
1.0026254064286577
0.9922464191527196
0.9820789069083858
0.9721165080555744
0.9623531121197718
0.95278284759085
