 -19.500  -1.2255   0.10610   
 -19.250  -1.2361   0.10094  
 -19.000  -1.2443   0.09621   
 -18.750  -1.2497   0.09193   
 -18.500  -1.2529   0.08804   
 -18.250  -1.2643   0.08303   
 -18.000  -1.2725   0.07854   
 -17.750  -1.2774   0.07458   
 -17.500  -1.2787   0.07112   
 -17.250  -1.2804   0.06766   
 -17.000  -1.2862   0.06375   
 -16.750  -1.2876   0.06045   
 -16.500  -1.2850   0.05766  
 -16.250  -1.2840   0.05474   
 -16.000  -1.2844   0.05174   
 -15.750  -1.2804   0.04929   
 -15.500  -1.2739   0.04714  
 -15.250  -1.2729   0.04449   
 -15.000  -1.2667   0.04244  
 -14.750  -1.2577   0.04068  
 -14.500  -1.2542   0.03848  
 -14.250  -1.2451   0.03686  
 -14.000  -1.2366   0.03525   
 -13.750  -1.2296   0.03355   
 -13.500  -1.2174   0.03229   
 -13.250  -1.2091   0.03072   
 -13.000  -1.1983   0.02937   
 -12.750  -1.1838   0.02832 
 -12.500  -1.1744   0.02687  
 -12.250  -1.1598   0.02584   
 -12.000  -1.1460   0.02473  
 -11.750  -1.1325   0.02360   
 -11.500  -1.1143   0.02282  
 -11.250  -1.1014   0.02164   
 -11.000  -1.0840   0.02078   
 -10.750  -1.0676   0.01986   
 -10.500  -1.0506   0.01898  
 -10.250  -1.0328   0.01818   
 -10.000  -1.0164   0.01733   
  -9.750  -0.9867   0.01661   
  -9.500  -0.9696   0.01603   
  -9.250  -0.9497   0.01545   
  -9.000  -0.9269   0.01507   
  -8.750  -0.9045   0.01453   
  -8.500  -0.8802   0.01412   
  -8.250  -0.8549   0.01376   
  -8.000  -0.8301   0.01332   
  -7.750  -0.8046   0.01295   
  -7.500  -0.7782   0.01258   
  -7.250  -0.7516   0.01226   
  -7.000  -0.7247   0.01192  
  -6.750  -0.6975   0.01159  
  -6.500  -0.6703   0.01129   
  -6.250  -0.6424   0.01099   
  -6.000  -0.6145   0.01072   
  -5.750  -0.5862   0.01046   
  -5.500  -0.5577   0.01023  
  -5.250  -0.5291   0.01003   
  -5.000  -0.5002   0.00984   
  -4.750  -0.4711   0.00966  
  -4.250  -0.4128   0.00937   
  -4.000  -0.3836   0.00924   
  -3.750  -0.3543   0.00912   
  -3.500  -0.3250   0.00904  
  -3.250  -0.2954   0.00901   
  -3.000  -0.2657   0.00906   
  -2.750  -0.2355   0.00911   
  -2.500  -0.2055   0.00924   
  -2.250  -0.1753   0.00936   
  -2.000  -0.1448   0.00947   
  -1.750  -0.1150   0.00964   
  -1.500  -0.0847   0.00979   
  -1.250  -0.0542   0.00991   
  -1.000  -0.0245   0.01008   
  -0.750   0.0054   0.01026   
  -0.500   0.0360   0.01038  
  -0.250   0.0657   0.01049 
   0.000   0.0952   0.01070  
   0.250   0.1253   0.01082   
   0.500   0.1555   0.01093   
   0.750   0.1853   0.01102   
   1.000   0.2146   0.01118   
   1.250   0.2444   0.01127   
   1.500   0.2741   0.01136   
   1.750   0.3039   0.01149   
   2.000   0.3343   0.01159   
   2.250   0.3635   0.01156   
   2.500   0.3928   0.01164   
   2.750   0.4220   0.01176   
   3.000   0.4517   0.01179   
   3.250   0.4812   0.01186   
   3.500   0.5109   0.01195   
   3.750   0.5412   0.01200   
   4.000   0.5700   0.01200   
   4.250   0.5990   0.01203   
   4.500   0.6280   0.01209   
   4.750   0.6568   0.01219   
   5.000   0.6859   0.01226   
   5.250   0.7148   0.01236   
   5.500   0.7438   0.01247   
   5.750   0.7727   0.01260   
   6.000   0.8012   0.01279   
   6.250   0.8292   0.01285   
   6.500   0.8564   0.01303   
   6.750   0.8835   0.01325   
   7.000   0.9109   0.01345   
   7.250   0.9374   0.01373   
   7.500   0.9649   0.01394   
   7.750   0.9913   0.01423   
   8.000   1.0180   0.01449   
   8.250   1.0443   0.01478   
   8.500   1.0701   0.01510   
   8.750   1.0959   0.01542   
   9.000   1.1212   0.01573   
   9.250   1.1456   0.01606   
   9.500   1.1701   0.01637   
   9.750   1.1926   0.01682   
  10.000   1.2170   0.01713   
  10.250   1.2382   0.01763   
  10.500   1.2605   0.01804   
  10.750   1.2817   0.01850   
  11.000   1.2983   0.01919   
  11.250   1.3186   0.01957   
  11.500   1.3331   0.02018   
  11.750   1.3452   0.02116   
  12.000   1.3635   0.02182   
  12.250   1.3783   0.02275   
  12.500   1.3885   0.02405   
  12.750   1.4008   0.02527   
  13.000   1.4145   0.02645   
  13.250   1.4233   0.02809   
  13.500   1.4273   0.03020   
  13.750   1.4407   0.03151   
  14.000   1.4485   0.03336   
  14.250   1.4507   0.03575   
  14.500   1.4535   0.03811   
  14.750   1.4613   0.04002   
  15.000   1.4637   0.04250   
  15.250   1.4609   0.04549   
  15.500   1.4598   0.04831   
  15.750   1.4638   0.05067   
  16.000   1.4634   0.05358   
  16.250   1.4594   0.05694   
  16.500   1.4521   0.06073   
  16.750   1.4555   0.06336   
  17.000   1.4560   0.06635   
  17.250   1.4527   0.06985   
  17.500   1.4463   0.07374   
  17.750   1.4373   0.07794   
  18.000   1.4384   0.08101   
  18.250   1.4364   0.08450   
  18.500   1.4312   0.08844   
  18.750   1.4217   0.09298   