-20.0  -0.8691  0.1983 
-19.0  -0.8985  0.1720 
-18.0  -0.9305  0.1457 
-17.0  -0.9642  0.1197 
-16.0  -0.9987  0.0940 
-15.0  -1.0331  0.0689 
-14.5  -1.0500  0.05665 
-12.0  -0.9530  0.02713 
-11.0  -0.900   0.03026 
-10.0  -0.8270  0.02869 
-8.1   -0.536   0.01235   
-7.6   -0.467   0.01094   
-7.1   -0.393   0.00916   
-6.6   -0.323   0.00826   
-6.5   -0.311   0.00887  
-6.0   -0.245   0.00821  
-5.5   -0.178   0.00738  
-5.0   -0.113   0.00689  
-4.5   -0.048   0.00651  
-4.0    0.016   0.00631  
-3.5    0.080   0.00610  
-3.0    0.145   0.00582  
-2.5    0.208   0.00574  
-2.0    0.270   0.00570  
-1.5    0.333   0.00567  
-1.0    0.396   0.00568  
-0.5    0.458   0.00567  
0.0     0.521   0.00569  
0.5     0.583   0.00574  
1.0     0.645   0.00576  
1.5     0.706   0.00585  
2.0     0.768   0.00592  
2.5     0.828   0.00605  
3.0     0.888   0.00627  
3.5     0.948   0.00664  
4.0     0.996   0.00708  
4.5     1.046   0.00794  
5.0     1.095   0.00903  
5.5     1.145   0.01029  
6.0     1.191   0.01135  
6.5     1.238   0.01220  
7.0     1.282   0.01308  
7.5     1.323   0.01388  
8.0     1.356   0.01469  
8.5     1.383   0.01578  
9.0     1.400   0.01800  
9.5     1.397   0.02090  
10.0    1.352   0.02520  
10.5    1.306   0.02962  
11.0    1.278   0.03406  
11.5    1.264   0.03932  
12.0    1.261   0.04582  
12.5    1.261   0.05330  
13.0    1.260   0.06192  
13.5    1.259   0.07062  
14.0    1.257   0.07879  
14.5    1.257   0.08793  
15.0    1.258   0.09629  
15.5    1.264   0.10484  
16.0    1.266   0.11409  
16.5    1.278   0.12390  
17.0    1.287   0.13340  
17.5    1.289   0.14269  
18.0    1.288   0.15221  
18.5    1.287   0.16215  
19.0    1.287   0.17238  
19.5    1.285   0.18285  
20.0    1.289   0.19349  
20.5    1.302   0.20448   