 -20.0  -0.8147  0.2237  
 -19.0  -0.8329  0.1990  
 -18.0  -0.8544  0.1743  
 -17.0  -0.8786  0.1498  
 -16.0  -0.9045  0.1256  
 -15.0  -0.9315  0.1020  
 -14.0  -0.9585  0.0789 
 -13.0  -0.9850  0.0567 
 -12.0  -0.953   0.02713  
 -11.0  -0.900   0.030259 
 -10.0  -0.827   0.028691 
 -8.97  -0.753   0.027142 
 -8.47  -0.691   0.026364 
 -7.45  -0.555   0.01142  
 -6.42  -0.413   0.00939  
 -5.39  -0.271   0.00863  
 -5.0   -0.220   0.00729  
 -4.5   -0.152   0.00714  
 -4.0   -0.084   0.00700  
 -3.5   -0.018   0.00692  
 -3.0   0.049    0.00684  
 -2.5   0.115    0.00680  
 -2.0   0.181    0.00676  
 -1.5   0.247    0.00673  
 -1.0   0.312    0.00668  
 -0.5   0.377    0.00672  
  0.0   0.442    0.00670  
  0.5   0.507    0.00670  
  1.0   0.572    0.00673  
  1.5   0.636    0.00679  
  2.0   0.701    0.00683  
  2.5   0.765    0.00687  
  3.0   0.828    0.00698  
  3.5   0.891    0.00707  
  4.0   0.954    0.00723  
  4.5   1.015    0.00752  
  5.0   1.063    0.00786  
  6.0   1.160    0.00988  
  6.5   1.206    0.01168  
  7.0   1.250    0.01320  
  7.5   1.296    0.01424  
  8.0   1.329    0.01513  
  8.5   1.359    0.01625  
  9.0   1.387    0.01762  
  9.5   1.412    0.02035  
 10.0   1.422    0.02510  
 10.5   1.400    0.03190  
 11.0   1.336    0.03920  
 11.5   1.267    0.04750  
 12.0   1.218    0.05480  
 12.5   1.183    0.06260  
 13.0   1.172    0.07060  
 13.5   1.168    0.07960  
 14.0   1.172    0.08940  
 14.5   1.170    0.09878  
 15.0   1.177    0.10835  
 15.5   1.183    0.11767  
 16.0   1.188    0.12699  
 16.5   1.190    0.13636  
 17.0   1.196    0.14561  
 17.5   1.198    0.15459  
 18.0   1.201    0.16199  
 18.5   1.203    0.17113  
 19.0   1.211    0.18039  
 19.5   1.222    0.18972  
 20.0   1.230    0.19911  
 20.5   1.233    0.20837  
 21.0   1.231    0.22110  