 -20.0  -1.0130  0.2388  
 -19.0  -1.0674  0.2218  
 -18.0  -1.1250  0.2056  
 -17.0  -1.1846  0.1901  
 -16.0  -1.2450  0.1754  
 -15.3  -1.29    0.16488      
 -14.2  -1.229   0.14609      
 -13.3  -1.148   0.1263      
 -12.2  -1.052   0.10511      
 -11.3  -0.965   0.08861      
 -10.2  -0.867   0.07396      
 -9.7   -0.822   0.06835      
 -9.2   -0.769   0.06047      
 -8.2   -0.756   0.02696      
 -7.2   -0.69    0.01799      
 -6.6   -0.616   0.01662      
 -6.4   -0.542   0.01522      
 -6.0   -0.525   0.01174  
 -5.5   -0.451   0.01054  
 -5.0   -0.382   0.00969  
 -4.5   -0.314   0.00923  
 -4.0   -0.251   0.00905  
 -3.5   -0.189   0.00893  
 -3.0   -0.120   0.00885  
 -2.5   -0.051   0.00879  
 -2.0    0.017   0.00875  
 -1.5    0.085   0.00875  
 -1.0    0.152   0.00875  
 -0.5    0.219   0.00880  
  0.0    0.286   0.00885  
  0.5    0.353   0.00885  
  1.0    0.420   0.00891  
  1.5    0.487   0.00895  
  2.0    0.554   0.00899  
  2.5    0.619   0.00909  
  3.0    0.685   0.00921  
  3.5    0.750   0.00931  
  4.0    0.816   0.00944  
  4.5    0.880   0.00959  
  5.0    0.945   0.00971  
  5.5    1.009   0.00990  
  6.0    1.072   0.01014  
  6.5    1.135   0.01033  
  7.0    1.196   0.01065  
  7.5    1.254   0.01116  
  8.0    1.300   0.01241  
  9.0    1.376   0.01493  
  9.5    1.403   0.01611  
 10.0    1.431   0.01769  
 10.5    1.453   0.01969  
 11.0    1.469   0.02230  
 11.5    1.480   0.02635  
 12.0    1.486   0.03128  
 12.5    1.483   0.03778  
 13.0    1.362   0.05140  
 13.5    1.262   0.06250  
 14.0    1.194   0.07300  
 14.5    1.159   0.08430  
 15.0    1.141   0.09643  
 15.5    1.122   0.11054  
 16.0    1.116   0.12486  
 16.5    1.103   0.13635  
 17.0    1.088   0.14849  
 17.5    1.091   0.15915  
 18.0    1.085   0.16963  
 18.5    1.085   0.17979  
 19.0    1.103   0.18969  
 19.5    1.119   0.19931  
 20.0    1.131   0.20646  