-20.0  -0.6932  0.2011  
-19.0  -0.6713  0.1822  
-18.0  -0.6481  0.1640  
-17.0  -0.6241  0.1465  
-16.0  -0.6012  0.1300  
-15.0  -0.5794  0.1145  
-14.0  -0.5587  0.1000  
-13.0  -0.5386  0.0867  
-12.0  -0.5189  0.0744  
-11.0  -0.4994  0.0633  
-10.0  -0.4799  0.0534  
 -5.54 -0.3854  0.02451 
 -5.04 -0.3587  0.02252 
 -4.54 -0.3596  0.01962 
 -4.04 -0.3545  0.01736 
 -3.54 -0.3071  0.01620 
 -3.04 -0.2458  0.01440 
 -3.0  -0.240   0.02400  
 -2.5  -0.163   0.01880  
 -2.0  -0.091   0.01600  
 -1.5  -0.019   0.01370  
 -1.0   0.052   0.01180  
 -0.5   0.121   0.01040  
  0.0   0.190   0.01010  
  0.5   0.261   0.01005  
  1.0   0.333   0.00999  
  1.5   0.403   0.00999  
  2.0   0.472   0.01006  
  2.5   0.540   0.01015  
  3.0   0.609   0.01020  
  3.5   0.676   0.01030  
  4.0   0.744   0.01043  
  4.5   0.811   0.01056  
  5.0   0.877   0.01073  
  5.5   0.944   0.01081  
  6.0   1.009   0.01099  
  6.5   1.072   0.01126  
  7.0   1.134   0.01153  
  7.5   1.197   0.01173  
  8.0   1.258   0.01199  
  8.5   1.312   0.01240  
  9.0   1.355   0.01283  
  9.5   1.404   0.01348  
 10.0   1.451   0.01426  
 10.5   1.491   0.01533  
 11.0   1.530   0.01649  
 11.5   1.557   0.01844  
 12.0   1.576   0.02099  
 12.5   1.594   0.02390  
 13.0   1.602   0.02920  
 13.5   1.598   0.03490  
 14.0   1.561   0.04250  
 14.5   1.520   0.05400  
 15.5   1.421   0.07930  
 16.0   1.368   0.09240  
 16.5   1.306   0.10640  
 17.0   1.253   0.11970  
 17.5   1.196   0.13365  
 18.0   1.148   0.15243  
 19.0   1.106   0.17764  
 19.5   1.097   0.18921  
 20.0   1.104   0.20080  