 -20.0 -0.685  0.1861  
 -19.0 -0.662  0.1687  
 -18.0 -0.635  0.1533  
 -17.0 -0.604  0.1398  
 -16.0 -0.570  0.1281  
 -15.0 -0.534  0.1183  
 -14.0 -0.494  0.1101  
 -13.0 -0.452  0.1036  
 -12.0 -0.407  0.0986  
 -11.0 -0.360  0.0951 
 -10.0 -0.311  0.0931 
 -8.0  -0.208  0.09300  
 -6.0  -0.111  0.06890  
 -5.5  -0.090  0.06140  
 -5.0  -0.072  0.05470  
 -4.5  -0.065  0.04800  
 -4.0  -0.054  0.04110  
 -3.5  -0.017  0.03490  
 -3.0   0.003  0.02990  
 -2.5   0.014  0.02550  
 -2.0   0.009  0.01980  
 -1.5   0.004  0.01638  
 -1.0   0.036  0.01465  
 -0.5   0.073  0.01369  
  0.0   0.121  0.01316  
  0.5   0.203  0.01256  
  1.0   0.289  0.01211  
  1.5   0.373  0.01185  
  2.0   0.451  0.01175  
  2.5   0.521  0.01183  
  3.0   0.585  0.01194  
  3.5   0.646  0.01198  
  4.0   0.706  0.01214  
  4.5   0.769  0.01245  
  5.0   0.829  0.01288  
  5.5   0.886  0.01334  
  6.0   0.943  0.01384  
  6.5   0.996  0.01456  
  7.0   1.041  0.01564  
  7.5   1.086  0.01681  
  8.0   1.125  0.01840  
  8.5   1.155  0.02063  
  9.0   1.179  0.02345  
  9.5   1.204  0.02636  
 10.0   1.210  0.03061  
 10.5   1.210  0.03531  
 11.0   1.197  0.04139  
 11.5   1.182  0.04731  
 12.0   1.166  0.05394  
 12.5   1.145  0.06280  
 13.0   1.122  0.07064  
 13.5   1.108  0.07864  
 14.5   1.080  0.09680  
 15.0   1.070  0.10655  
 15.5   1.056  0.11768  
 16.0   1.047  0.12791  
 16.5   1.035  0.13936  
 17.0   1.024  0.15070  
 17.5   1.019  0.16193  
 18.0   1.017  0.17371  
 19.0   1.007  0.19510  
 19.5   1.003  0.20680  
 20.5   1.000  0.22720  