  -8.000  -0.3350   0.08401  
  -7.750  -0.3355   0.08084   
  -7.500  -0.3395   0.07813   
  -7.250  -0.3300   0.07356   
  -7.000  -0.3036   0.06475   
  -6.750  -0.2782   0.05988   
  -6.500  -0.2514   0.05563   
  -6.250  -0.2346   0.05156   
  -6.000  -0.2192   0.04729   
  -5.750  -0.2012   0.04250   
  -5.500  -0.1742   0.03741  
  -5.250  -0.1622   0.03065   
  -5.000  -0.1404   0.02895   
  -4.750  -0.1169   0.02698   
  -4.500  -0.0866   0.02712  
  -4.250  -0.0659   0.01686   
  -4.000  -0.0389   0.01505   
  -3.750  -0.0112   0.01369   
  -3.500   0.0163   0.01304   
  -3.250   0.0435   0.01215   
  -3.000   0.0703   0.01116  
  -2.750   0.0974   0.01029  
  -2.500   0.1249   0.00989   
  -2.250   0.1529   0.00960   
  -2.000   0.1808   0.00927   
  -1.750   0.2083   0.00872   
  -1.500   0.2356   0.00840  
  -1.250   0.2626   0.00795   
  -1.000   0.2888   0.00741   
  -0.750   0.3132   0.00693   
  -0.500   0.3323   0.00643   
  -0.250   0.3739   0.00633  
   0.000   0.4017   0.00640   
   0.250   0.4294   0.00646   
   0.500   0.4571   0.00657 
   0.750   0.4850   0.00662  
   1.000   0.5128   0.00670   
   1.250   0.5406   0.00679   
   1.500   0.5684   0.00686  
   2.000   0.6239   0.00703  
   2.250   0.6516   0.00713   
   2.500   0.6792   0.00721   
   2.750   0.7068   0.00729   
   3.000   0.7343   0.00737 
   3.250   0.7617   0.00746   
   3.500   0.7892   0.00754  
   3.750   0.8165   0.00766   
   4.000   0.8439   0.00773   
   4.250   0.8711   0.00784   
   4.500   0.8981   0.00795   
   4.750   0.9253   0.00804  
   5.000   0.9518   0.00817   
   5.250   0.9775   0.00833   
   5.500   1.0030   0.00857   
   5.750   1.0283   0.00885   
   6.000   1.0517   0.00932   
   6.500   1.0904   0.01122   
   6.750   1.1079   0.01238   
   7.000   1.1253   0.01350   
   7.250   1.1395   0.01492   
   7.500   1.1586   0.01580   
   7.750   1.1793   0.01647   
   8.000   1.1983   0.01727   
   8.250   1.2148   0.01825   
   8.500   1.2328   0.01901   
   8.750   1.2484   0.01993   
   9.000   1.2620   0.02093   
   9.250   1.2733   0.02197   
   9.500   1.2804   0.02308   
   9.750   1.2866   0.02429   
  10.000   1.2924   0.02562   
  10.250   1.2979   0.02712   
  10.500   1.3038   0.02874   
  10.750   1.3100   0.03049   
  11.000   1.3168   0.03238   
  11.250   1.3247   0.03434   
  11.500   1.3336   0.03640   
  11.750   1.3428   0.03883   
  12.000   1.3523   0.04186   
  12.250   1.3586   0.04467   
  12.500   1.3617   0.04743  
  12.750   1.3628   0.05008  
  13.000   1.3611   0.05312   
  13.250   1.3562   0.05670   
  13.500   1.3496   0.06032   
  13.750   1.3037   0.07081   
  14.000   1.2802   0.07773  
  14.250   1.2575   0.08476   
  14.500   1.2347   0.09218   
  14.750   1.2113   0.10030  