 -16.000  -0.7277   0.08972   
 -15.750  -0.7294   0.08626   
 -15.500  -0.7316   0.08275   
 -15.250  -0.7354   0.07907   
 -15.000  -0.7410   0.07520   
 -14.750  -0.7480   0.07126   
 -14.500  -0.7615   0.06676  
 -14.250  -0.7824   0.06158  
 -14.000  -0.8090   0.05585   
 -13.750  -0.8466   0.04906   
 -13.500  -0.8891   0.04192  
 -13.250  -0.9720   0.02982   
 -13.000  -0.9807   0.02725   
 -12.750  -0.9807   0.02551   
 -12.500  -0.9785   0.02391   
 -12.250  -0.9597   0.02253   
 -12.000  -0.9226   0.02107   
 -11.750  -0.8865   0.01970   
 -11.500  -0.8520   0.01835   
 -11.250  -0.8164   0.01715   
 -11.000  -0.7839   0.01628   
 -10.750  -0.7534   0.01557  
 -10.500  -0.7159   0.01495  
 -10.250  -0.6667   0.01438   
 -10.000  -0.6141   0.01387  
  -9.750  -0.5745   0.01358   
  -9.250  -0.5204   0.01328   
  -9.000  -0.4953   0.01310   
  -8.750  -0.4693   0.01301   
  -8.500  -0.4437   0.01287   
  -8.250  -0.4172   0.01278  
  -8.000  -0.3902   0.01271   
  -7.750  -0.3638   0.01262   
  -7.500  -0.3366   0.01262   
  -7.250  -0.3094   0.01250   
  -7.000  -0.2823   0.01246   
  -6.750  -0.2546   0.01246   
  -6.500  -0.2270   0.01241  
  -6.250  -0.1998   0.01232  
  -6.000  -0.1719   0.01232   
  -5.750  -0.1441   0.01235   
  -5.500  -0.1164   0.01219  
  -5.250  -0.0890   0.01211   
  -5.000  -0.0609   0.01208   
  -4.750  -0.0330   0.01208   
  -4.500  -0.0047   0.01210   
  -4.250   0.0226   0.01187   
  -4.000   0.0504   0.01183   
  -3.750   0.0787   0.01180   
  -3.500   0.1064   0.01182   
  -3.250   0.1351   0.01182   
  -3.000   0.1624   0.01164   
  -2.750   0.1902   0.01159   
  -2.500   0.2184   0.01157   
  -2.250   0.2461   0.01160   
  -2.000   0.2747   0.01160   
  -1.750   0.3023   0.01150   
  -1.500   0.3297   0.01147   
  -1.250   0.3580   0.01145  
  -1.000   0.3858   0.01149  
  -0.750   0.4137   0.01155   
  -0.500   0.4416   0.01146   
  -0.250   0.4689   0.01147   
   0.000   0.4966   0.01151   
   0.250   0.5248   0.01154   
   0.500   0.5521   0.01155   
   0.750   0.5792   0.01160   
   1.000   0.6073   0.01161   
   1.250   0.6347   0.01167   
   1.500   0.6612   0.01176  
   1.750   0.6893   0.01178  
   2.000   0.7166   0.01179   
   2.250   0.7433   0.01188  
   2.500   0.7700   0.01196  
   2.750   0.7975   0.01195   
   3.000   0.8243   0.01197   
   3.250   0.8502   0.01203   
   3.500   0.8764   0.01206   
   3.750   0.9029   0.01199   
   4.000   0.9281   0.01193   
   4.250   0.9506   0.01185   
   4.500   0.9767   0.01169  
   4.750   1.0036   0.01182   
   5.000   1.0299   0.01198   
   5.250   1.0553   0.01219   
   5.500   1.0798   0.01249   
   5.750   1.1053   0.01271   
   6.000   1.1311   0.01288   
   6.250   1.1562   0.01308   
   6.500   1.1804   0.01333   
   6.750   1.2034   0.01367   
   7.000   1.2277   0.01391   
   7.250   1.2521   0.01411   
   7.500   1.2758   0.01434   
   7.750   1.2985   0.01461   
   8.000   1.3199   0.01495  
   8.250   1.3412   0.01534   
   8.500   1.3632   0.01556   
   8.750   1.3834   0.01580   
   9.000   1.4026   0.01608   
   9.250   1.4204   0.01643   
   9.500   1.4373   0.01687  
   9.750   1.4551   0.01732   
  10.000   1.4733   0.01764   
  10.250   1.4909   0.01798   
  10.500   1.5078   0.01838   
  10.750   1.5234   0.01883   
  11.000   1.5380   0.01939   
  11.250   1.5530   0.02009  
  11.500   1.5679   0.02057   
  11.750   1.5823   0.02113   
  12.000   1.5960   0.02174  
  12.250   1.6091   0.02243   
  12.500   1.6212   0.02321   
  12.750   1.6323   0.02411   
  13.000   1.6446   0.02504   
  13.250   1.6554   0.02596   
  13.500   1.6658   0.02697   
  13.750   1.6758   0.02805   
  14.000   1.6850   0.02922   
  14.250   1.6933   0.03051   
  14.500   1.7021   0.03182   
  14.750   1.7105   0.03321   
  15.000   1.7167   0.03478   
  15.250   1.7233   0.03638   
  15.500   1.7290   0.03810   
  15.750   1.7340   0.03991   
  16.000   1.7390   0.04174  
  16.250   1.7467   0.04334   
  16.500   1.7479   0.04570   
  16.750   1.7492   0.04811   
  17.000   1.7508   0.05055   
  17.250   1.7517   0.05311   
  17.500   1.7538   0.05555   
  17.750   1.7594   0.05753  
  18.000   1.7541   0.06107  
  18.250   1.7507   0.06443   
  18.500   1.7474   0.06783  
  18.750   1.7448   0.07114   
  19.000   1.7495   0.07338   
  19.250   1.7377   0.07816   