 -14.500  -0.9315   0.06645   
 -14.250  -0.9597   0.05868   
 -14.000  -0.9818   0.05276   
 -13.750  -0.9948   0.04868   
 -13.500  -1.0052   0.04527   
 -13.250  -1.0107   0.04272   
 -13.000  -1.0165   0.04034   
 -12.750  -1.0207   0.03830   
 -12.500  -1.0239   0.03649   
 -12.250  -1.0245   0.03503   
 -12.000  -1.0252   0.03370   
 -11.750  -1.0232   0.03246   
 -11.500  -1.0168   0.03112   
 -11.250  -1.0083   0.02990   
 -11.000  -0.9976   0.02883   
 -10.750  -0.9884   0.02710  
 -10.500  -0.9771   0.02529   
 -10.250  -0.9617   0.02435   
 -10.000  -0.9452   0.02357   
  -9.750  -0.9283   0.02278  
  -9.500  -0.9109   0.02201   
  -9.250  -0.8931   0.02126  
  -9.000  -0.8744   0.02073  
  -8.750  -0.8593   0.01954   
  -8.500  -0.8437   0.01877   
  -8.250  -0.8279   0.01826   
  -8.000  -0.8138   0.01779   
  -7.750  -0.8004   0.01735   
  -7.500  -0.7753   0.01686   
  -7.250  -0.7427   0.01587   
  -7.000  -0.7086   0.01529   
  -6.750  -0.6752   0.01478   
  -6.500  -0.6433   0.01410   
  -6.250  -0.6102   0.01350   
  -6.000  -0.5741   0.01311   
  -5.750  -0.5374   0.01242   
  -5.500  -0.4994   0.01192   
  -5.250  -0.4556   0.01145   
  -5.000  -0.4134   0.01105   
  -4.750  -0.3705   0.01072   
  -4.500  -0.3362   0.01049   
  -4.250  -0.3064   0.01032   
  -4.000  -0.2798   0.01012   
  -3.750  -0.2545   0.00990   
  -3.500  -0.2297   0.00967   
  -3.250  -0.2068   0.00936   
  -3.000  -0.1911   0.00853   
  -2.750  -0.1736   0.00802   
  -2.500  -0.1543   0.00771   
  -2.250  -0.1343   0.00751   
  -2.000  -0.1136   0.00735  
  -1.750  -0.0931   0.00723   
  -1.500  -0.0715   0.00716   
  -1.250  -0.0488   0.00715   
  -1.000  -0.0255   0.00715  
  -0.750  -0.0013   0.00717  
  -0.500   0.0234   0.00720   
  -0.250   0.0489   0.00724   
   0.000   0.0753   0.00728   
   0.250   0.1022   0.00733   
   0.500   0.1300   0.00739   
   0.750   0.1591   0.00747   
   1.000   0.1904   0.00756   
   1.500   0.2595   0.00776   
   1.750   0.3014   0.00790   
   2.000   0.3384   0.00803   
   2.250   0.3804   0.00820   
   2.500   0.4205   0.00838   
   2.750   0.4577   0.00857   
   3.000   0.4938   0.00878  
   3.250   0.5319   0.00901  
   3.500   0.5683   0.00920   
   3.750   0.6045   0.00939   
   4.000   0.6403   0.00959   
   4.250   0.6749   0.00980   
   4.500   0.7106   0.01000   
   4.750   0.7469   0.01017  
   5.000   0.7842   0.01034   
   5.250   0.8171   0.01052   
   5.500   0.8378   0.01062   
   5.750   0.8583   0.01075   
   6.000   0.8781   0.01093   
   6.250   0.8986   0.01107   
   6.500   0.9188   0.01127   
   7.000   0.9601   0.01174   
   7.250   0.9811   0.01200   
   7.500   1.0021   0.01229   
   7.750   1.0230   0.01262   
   8.000   1.0439   0.01296  
   8.250   1.0657   0.01325   
   8.500   1.0863   0.01363   
   8.750   1.1080   0.01394   
   9.000   1.1288   0.01431   
   9.250   1.1494   0.01469   
   9.500   1.1705   0.01505   
   9.750   1.1896   0.01552   
  10.000   1.2102   0.01589   
  10.250   1.2279   0.01645   
  10.500   1.2361   0.01763   
  10.750   1.2306   0.01961   
  11.000   1.2385   0.02066   
  11.250   1.2462   0.02145   
  11.500   1.2509   0.02233   
  11.750   1.2528   0.02345   
  12.000   1.2545   0.02474   
  12.250   1.2602   0.02592   
  12.500   1.2644   0.02732   
  12.750   1.2668   0.02899   
  13.000   1.2681   0.03092   
  13.250   1.2670   0.03325  
  13.500   1.2632   0.03609   
  13.750   1.2563   0.03953   
  14.000   1.2451   0.04371   
  14.250   1.2325   0.04824   
  14.500   1.2297   0.05172   
  14.750   1.2248   0.05551   
  15.000   1.2182   0.05955   
  15.250   1.2110   0.06373   
  15.500   1.2034   0.06808   
  15.750   1.1950   0.07256   
  16.000   1.1875   0.07704   
  16.250   1.1802   0.08155   
  16.500   1.1733   0.08601   