 -9.250   -0.6837   0.08251   
  -9.000  -0.6934   0.07649   
  -8.750  -0.7046   0.07182   
  -8.500  -0.7112   0.06726   
  -8.000  -0.7390   0.05230  
  -7.750  -0.7343   0.04821   
  -7.500  -0.7238   0.04512   
  -7.250  -0.7115   0.04213   
  -7.000  -0.6975   0.03914   
  -6.750  -0.6819   0.03615   
  -6.000  -0.6309   0.02254  
  -5.750  -0.6103   0.01969   
  -5.500  -0.5884   0.01800   
  -5.250  -0.5653   0.01616   
  -5.000  -0.5423   0.01487   
  -4.750  -0.5196   0.01386   
  -4.500  -0.4973   0.01296   
  -4.250  -0.4748   0.01234   
  -4.000  -0.4526   0.01171   
  -3.750  -0.4304   0.01119  
  -3.500  -0.4104   0.01019   
  -3.250  -0.3881   0.00975  
  -3.000  -0.3649   0.00939   
  -2.750  -0.3311   0.00803   
  -2.500  -0.3007   0.00647   
  -2.250  -0.2660   0.00606   
  -2.000  -0.2300   0.00580   
  -1.750  -0.1971   0.00566   
  -1.500  -0.1650   0.00553   
  -1.250  -0.1344   0.00544   
  -1.000  -0.1058   0.00537   
  -0.750  -0.0782   0.00532   
  -0.500  -0.0516   0.00528   
  -0.250  -0.0257   0.00525   
   0.000   0.0000   0.00525   
   0.250   0.0257   0.00525   
   0.500   0.0516   0.00528  
   0.750   0.0782   0.00532   
   1.000   0.1058   0.00537   
   1.250   0.1344   0.00544   
   1.500   0.1650   0.00553   
   1.750   0.1971   0.00566   
   2.000   0.2300   0.00580   
   2.250   0.2660   0.00606   
   2.500   0.3007   0.00646   
   2.750   0.3310   0.00802   
   3.000   0.3648   0.00939   
   3.250   0.3880   0.00974   
   3.500   0.4103   0.01019   
   3.750   0.4302   0.01119   
   4.000   0.4525   0.01171   
   4.250   0.4746   0.01234   
   4.500   0.4972   0.01297  
   4.750   0.5195   0.01385   
   5.000   0.5422   0.01487   
   5.250   0.5652   0.01616   
   5.500   0.5884   0.01803  
   5.750   0.6101   0.01974   
   6.000   0.6309   0.02254   
  11.750   0.5441   0.12552   
  12.000   0.5437   0.12950   