 -8.000   -0.8014   0.02966   
  -7.750  -0.7918   0.02643   
  -7.500  -0.7774   0.02405   
  -7.250  -0.7610   0.02199   
  -7.000  -0.7422   0.02080   
  -6.750  -0.7223   0.02047   
  -6.500  -0.7052   0.01804   
  -6.250  -0.6885   0.01635   
  -6.000  -0.6715   0.01545   
  -5.750  -0.6545   0.01483   
  -5.500  -0.6384   0.01422   
  -5.250  -0.6174   0.01368  
  -5.000  -0.5806   0.01322  
  -4.750  -0.5488   0.01200   
  -4.500  -0.5133   0.01143   
  -4.250  -0.4781   0.01100   
  -4.000  -0.4433   0.01045  
  -3.750  -0.4101   0.00968   
  -3.500  -0.3821   0.00827   
  -3.250  -0.3581   0.00704   
  -3.000  -0.3252   0.00668   
  -2.750  -0.2961   0.00650   
  -2.500  -0.2663   0.00636   
  -2.250  -0.2378   0.00626  
  -2.000  -0.2106   0.00619  
  -1.750  -0.1848   0.00614  
  -1.500  -0.1590   0.00612   
  -1.250  -0.1328   0.00610   
  -1.000  -0.1064   0.00608   
  -0.750  -0.0798   0.00607   
  -0.500  -0.0532   0.00608   
  -0.250  -0.0265   0.00607   
   0.000   0.0000   0.00606   
   0.250   0.0266   0.00607   
   0.500   0.0532   0.00608   
   0.750   0.0799   0.00607   
   1.000   0.1065   0.00608   
   1.250   0.1328   0.00610   
   1.500   0.1590   0.00612  
   1.750   0.1848   0.00614   
   2.000   0.2106   0.00619   
   2.250   0.2378   0.00626   
   2.500   0.2663   0.00636   
   2.750   0.2961   0.00650  
   3.000   0.3253   0.00668   
   3.250   0.3581   0.00705   
   3.500   0.3823   0.00824   
   3.750   0.4101   0.00968   
   4.000   0.4433   0.01045   
   4.250   0.4779   0.01104   
   4.500   0.5132   0.01144   
   4.750   0.5487   0.01202   
   5.000   0.5808   0.01319   
   5.250   0.6174   0.01367  
   5.500   0.6386   0.01420   
   5.750   0.6547   0.01480   
   6.000   0.6715   0.01548   
   6.250   0.6885   0.01637   
   6.500   0.7053   0.01800   
   6.750   0.7223   0.02048   
   7.000   0.7419   0.02102   
   7.250   0.7608   0.02209   
   7.500   0.7773   0.02413   
   7.750   0.7917   0.02646   
   8.000   0.8011   0.02971   
   8.250   0.8038   0.03390   
  14.500   0.5143   0.14813  
  14.750   0.5160   0.15146   