-18.000   -0.9395   0.12838
 -17.750  -0.9735   0.11666   
 -17.500  -1.0019   0.10682   
 -17.250  -1.0264   0.09821   
 -17.000  -1.0482   0.09055   
 -16.750  -1.0675   0.08377   
 -16.500  -1.0844   0.07771   
 -16.250  -1.0990   0.07233  
 -16.000  -1.1118   0.06754   
 -15.750  -1.1228   0.06323   
 -15.500  -1.1322   0.05937   
 -15.250  -1.1424   0.05517   
 -15.000  -1.1466   0.05172   
 -14.750  -1.1464   0.04888   
 -14.500  -1.1435   0.04644   
 -14.250  -1.1392   0.04424   
 -14.000  -1.1339   0.04219   
 -13.750  -1.1275   0.04027   
 -13.500  -1.1203   0.03846   
 -13.250  -1.1122   0.03673   
 -13.000  -1.1032   0.03511   
 -12.750  -1.0933   0.03359  
 -12.500  -1.0827   0.03213   
 -12.250  -1.0714   0.03079   
 -12.000  -1.0592   0.02956   
 -11.750  -1.0462   0.02847   
 -11.500  -1.0366   0.02686   
 -11.250  -1.0269   0.02545   
 -11.000  -1.0153   0.02432   
 -10.750  -1.0029   0.02331   
 -10.500  -0.9901   0.02238   
 -10.250  -0.9772   0.02151   
 -10.000  -0.9641   0.02072  
  -9.750  -0.9502   0.02006   
  -9.500  -0.9445   0.01905  
  -9.250  -0.9336   0.01829   
  -9.000  -0.9195   0.01774   
  -8.750  -0.9057   0.01726  
  -8.500  -0.8965   0.01667   
  -8.250  -0.8896   0.01614  
  -8.000  -0.8665   0.01566   
  -7.750  -0.8318   0.01487   
  -7.500  -0.7975   0.01419   
  -7.250  -0.7622   0.01355   
  -7.000  -0.7305   0.01288   
  -6.750  -0.7008   0.01225   
  -6.500  -0.6736   0.01164   
  -6.250  -0.6507   0.01098   
  -6.000  -0.6309   0.01026   
  -5.750  -0.6128   0.00950  
  -5.500  -0.5929   0.00894   
  -5.250  -0.5701   0.00863   
  -5.000  -0.5456   0.00845   
  -4.750  -0.5200   0.00832   
  -4.500  -0.4942   0.00822   
  -4.250  -0.4681   0.00815   
  -4.000  -0.4415   0.00809   
  -3.750  -0.4147   0.00805   
  -3.500  -0.3873   0.00802   
  -3.250  -0.3604   0.00799  
  -3.000  -0.3333   0.00794   
  -2.750  -0.3061   0.00794  
  -2.500  -0.2785   0.00793   
  -2.000  -0.2235   0.00788   
  -1.750  -0.1959   0.00788   
  -1.500  -0.1679   0.00785   
  -1.250  -0.1400   0.00784  
  -1.000  -0.1120   0.00783   
  -0.750  -0.0841   0.00781   
  -0.250  -0.0280   0.00779   
   0.000   0.0000   0.00783   
   0.250   0.0280   0.00779   
   0.750   0.0841   0.00781   
   1.000   0.1120   0.00783   
   1.250   0.1400   0.00784   
   1.500   0.1679   0.00785   
   1.750   0.1959   0.00788   
   2.000   0.2235   0.00788   
   2.500   0.2785   0.00793   
   2.750   0.3061   0.00794   
   3.000   0.3333   0.00794   
   3.250   0.3604   0.00799   
   3.500   0.3873   0.00802  
   3.750   0.4147   0.00805   
   4.000   0.4416   0.00809   
   4.250   0.4682   0.00815   
   4.500   0.4942   0.00822   
   4.750   0.5200   0.00832   
   5.000   0.5456   0.00845   
   5.250   0.5701   0.00863   
   5.500   0.5929   0.00894  
   5.750   0.6128   0.00950   
   6.000   0.6309   0.01026   
   6.250   0.6507   0.01098  
   6.500   0.6736   0.01164   
   6.750   0.7009   0.01225  
   7.000   0.7306   0.01288  
   7.250   0.7623   0.01355   
   7.500   0.7976   0.01418   
   7.750   0.8319   0.01487  
   8.000   0.8667   0.01566   
   8.250   0.8895   0.01614   
   8.500   0.8965   0.01667   
   8.750   0.9057   0.01726   
   9.000   0.9196   0.01774  
   9.250   0.9338   0.01829   
   9.500   0.9449   0.01906   
   9.750   0.9507   0.02006   
  10.000   0.9646   0.02073  
  10.250   0.9778   0.02151   
  10.500   0.9908   0.02238   
  10.750   1.0037   0.02332   
  11.000   1.0162   0.02432   
  11.250   1.0278   0.02546   
  11.500   1.0376   0.02686   
  11.750   1.0473   0.02846   
  12.000   1.0604   0.02956   
  12.250   1.0726   0.03078   
  12.500   1.0839   0.03213   
  12.750   1.0946   0.03358   
  13.000   1.1046   0.03510   
  13.250   1.1136   0.03673   
  13.500   1.1217   0.03844   
  13.750   1.1290   0.04026  
  14.000   1.1354   0.04218  
  14.250   1.1408   0.04422   
  14.500   1.1452   0.04642  
  14.750   1.1481   0.04887   
  15.000   1.1483   0.05171   
  15.250   1.1440   0.05517  
  15.500   1.1338   0.05939   
  15.750   1.1244   0.06324   
  16.000   1.1134   0.06755   
  16.250   1.1006   0.07237   
  16.500   1.0859   0.07776  
  16.750   1.0690   0.08386  
  17.000   1.0496   0.09067   
  17.250   1.0280   0.09831   
  17.500   1.0031   0.10703   
  17.750   0.9743   0.11699   
  18.000   0.9401   0.12880   