-16.750  -0.9855   0.10450   
 -16.500  -1.0313   0.09142   
 -16.250  -1.0647   0.08132  
 -16.000  -1.0908   0.07287  
 -15.750  -1.1114   0.06553  
 -15.500  -1.1271   0.05922   
 -15.250  -1.1388   0.05381   
 -15.000  -1.1468   0.04926   
 -14.750  -1.1578   0.04474   
 -14.500  -1.1641   0.04117   
 -14.250  -1.1617   0.03889   
 -14.000  -1.1569   0.03707   
 -13.750  -1.1515   0.03548  
 -13.500  -1.1465   0.03400  
 -13.250  -1.1415   0.03264   
 -13.000  -1.1361   0.03141   
 -12.750  -1.1293   0.03044   
 -12.500  -1.1237   0.02866   
 -12.250  -1.1121   0.02739   
 -12.000  -1.0964   0.02667  
 -11.750  -1.0798   0.02600   
 -11.500  -1.0628   0.02530   
 -11.250  -1.0450   0.02467   
 -11.000  -1.0289   0.02368   
 -10.750  -1.0146   0.02233   
 -10.500  -0.9965   0.02172   
 -10.250  -0.9780   0.02119   
 -10.000  -0.9596   0.02065   
  -9.750  -0.9407   0.02014   
  -9.500  -0.9211   0.01978   
  -9.250  -0.9080   0.01839   
  -9.000  -0.8901   0.01783   
  -8.750  -0.8717   0.01735   
  -8.500  -0.8529   0.01690   
  -8.250  -0.8339   0.01649   
  -8.000  -0.8145   0.01612   
  -7.750  -0.7975   0.01538   
  -7.500  -0.7796   0.01479   
  -7.250  -0.7599   0.01441   
  -7.000  -0.7398   0.01405   
  -6.750  -0.7095   0.01369  
  -6.500  -0.6739   0.01316   
  -6.250  -0.6374   0.01270   
  -6.000  -0.6018   0.01237   
  -5.750  -0.5667   0.01187   
  -5.500  -0.5301   0.01144   
  -5.250  -0.4925   0.01100   
  -5.000  -0.4594   0.01064   
  -4.750  -0.4231   0.01029   
  -4.500  -0.3850   0.00994   
  -4.250  -0.3475   0.00958   
  -4.000  -0.3168   0.00926   
  -3.750  -0.2824   0.00893   
  -3.500  -0.2528   0.00865   
  -3.250  -0.2226   0.00836   
  -3.000  -0.1953   0.00806   
  -2.750  -0.1675   0.00775   
  -2.500  -0.1420   0.00749   
  -2.250  -0.1157   0.00726   
  -2.000  -0.0893   0.00706   
  -1.750  -0.0634   0.00687   
  -1.500  -0.0375   0.00671   
  -1.250  -0.0117   0.00655   
  -1.000   0.0140   0.00642   
  -0.750   0.0398   0.00633   
  -0.500   0.0656   0.00627   
  -0.250   0.0913   0.00622   
   0.000   0.1171   0.00620   
   0.250   0.1428   0.00621   
   0.500   0.1683   0.00626   
   0.750   0.1941   0.00634   
   1.000   0.2205   0.00645   
   1.250   0.2482   0.00658   
   1.500   0.2778   0.00673   
   1.750   0.3094   0.00689   
   2.000   0.3422   0.00706   
   2.500   0.4181   0.00745   
   2.750   0.4590   0.00765   
   3.000   0.4981   0.00782   
   3.250   0.5378   0.00802   
   3.500   0.5774   0.00823   
   3.750   0.6007   0.00841   
   4.000   0.6232   0.00862   
   4.250   0.6456   0.00885  
   4.500   0.6678   0.00909   
   5.000   0.7114   0.00968   
   5.250   0.7330   0.01001   
   5.500   0.7544   0.01037  
   5.750   0.7755   0.01076   
   6.000   0.7966   0.01118  
   6.250   0.8179   0.01159  
   6.500   0.8387   0.01206   
   6.750   0.8599   0.01252   
   7.000   0.8805   0.01307   
   7.250   0.9015   0.01362   
   7.500   0.9234   0.01408   
   7.750   0.9443   0.01466   
   8.000   0.9663   0.01513   
   8.250   0.9885   0.01559   
   8.500   1.0100   0.01610   
   8.750   1.0294   0.01680   
   9.000   1.0482   0.01754   
   9.250   1.0694   0.01805   
   9.500   1.0899   0.01861   
   9.750   1.1099   0.01919   
  10.000   1.1290   0.01982   
  10.250   1.1455   0.02066   
  10.500   1.1568   0.02202   
  10.750   1.1759   0.02255   
  11.000   1.1924   0.02320   
  11.250   1.2070   0.02390   
  11.500   1.2209   0.02464   
  11.750   1.2340   0.02545   
  12.000   1.2451   0.02646   
  12.250   1.2511   0.02821  
  12.500   1.2617   0.02935   
  12.750   1.2731   0.03033   
  13.000   1.2832   0.03147   
  13.250   1.2923   0.03274   
  13.500   1.3006   0.03413   
  13.750   1.3080   0.03566  
  14.000   1.3134   0.03747   
  14.250   1.3111   0.04038   
  14.500   1.3158   0.04231   
  14.750   1.3191   0.04453  
  15.000   1.3212   0.04702   
  15.250   1.3220   0.04976   
  15.500   1.3221   0.05268   
  15.750   1.3215   0.05578   
  16.000   1.3204   0.05904   
  16.250   1.3180   0.06251   
  16.500   1.3132   0.06636   
  16.750   1.3014   0.07115   
  17.000   1.2897   0.07638   
  17.250   1.2792   0.08177   
  17.500   1.2670   0.08758   
  17.750   1.2529   0.09385   
  18.000   1.2371   0.10059   
  18.250   1.2196   0.10784   
  18.500   1.2001   0.11567   
  18.750   1.1776   0.12436   