 -13.250  -0.9092   0.07303   
 -13.000  -0.9268   0.06723   
 -12.750  -0.9420   0.06241   
 -12.500  -0.9564   0.05815   
 -12.250  -0.9708   0.05427   
 -11.750  -1.0007   0.04656   
 -11.500  -1.0121   0.04425   
 -11.250  -1.0268   0.04021   
 -11.000  -1.0327   0.03593   
 -10.750  -1.0257   0.03330   
 -10.500  -1.0135   0.03154   
 -10.250  -0.9998   0.02976  
 -10.000  -0.9841   0.02813  
  -9.750  -0.9668   0.02662   
  -9.500  -0.9484   0.02520   
  -9.250  -0.9292   0.02384   
  -9.000  -0.9093   0.02261   
  -8.750  -0.8887   0.02165   
  -8.500  -0.8675   0.02088   
  -8.250  -0.8462   0.02018   
  -8.000  -0.8304   0.01826   
  -7.750  -0.8128   0.01727  
  -7.500  -0.7944   0.01657   
  -7.250  -0.7763   0.01595   
  -7.000  -0.7585   0.01537   
  -6.750  -0.7407   0.01487   
  -6.500  -0.7234   0.01445   
  -6.250  -0.7119   0.01361  
  -6.000  -0.6781   0.01306   
  -5.750  -0.6420   0.01241   
  -5.500  -0.6062   0.01189   
  -5.250  -0.5695   0.01121   
  -5.000  -0.5372   0.01050   
  -4.750  -0.5053   0.00959   
  -4.500  -0.4792   0.00856   
  -4.250  -0.4542   0.00782   
  -4.000  -0.4284   0.00745   
  -3.750  -0.4026   0.00725   
  -3.500  -0.3767   0.00712   
  -3.250  -0.3505   0.00704   
  -3.000  -0.3246   0.00696   
  -2.750  -0.2984   0.00691   
  -2.500  -0.2719   0.00688   
  -2.250  -0.2454   0.00685   
  -2.000  -0.2187   0.00684   
  -1.750  -0.1917   0.00684   
  -1.500  -0.1647   0.00682   
  -1.250  -0.1375   0.00681   
  -1.000  -0.1100   0.00681   
  -0.750  -0.0825   0.00680   
  -0.500  -0.0551   0.00680   
  -0.250  -0.0275   0.00681   
   0.000   0.0000   0.00679   
   0.250   0.0275   0.00681  
   0.500   0.0551   0.00680   
   0.750   0.0826   0.00680  
   1.000   0.1101   0.00681   
   1.250   0.1375   0.00681  
   1.500   0.1647   0.00682   
   1.750   0.1918   0.00684   
   2.000   0.2188   0.00684   
   2.250   0.2455   0.00685  
   2.500   0.2721   0.00688  
   2.750   0.2985   0.00691   
   3.000   0.3247   0.00696   
   3.250   0.3506   0.00704   
   3.500   0.3768   0.00712   
   3.750   0.4027   0.00725   
   4.000   0.4285   0.00745   
   4.250   0.4542   0.00782   
   4.500   0.4792   0.00856   
   4.750   0.5052   0.00959   
   5.000   0.5373   0.01050   
   5.250   0.5696   0.01121   
   5.500   0.6063   0.01189   
   5.750   0.6420   0.01241   
   6.000   0.6782   0.01306   
   6.250   0.7113   0.01360   
   6.500   0.7229   0.01443   
   6.750   0.7403   0.01487   
   7.000   0.7582   0.01536   
   7.250   0.7760   0.01594   
   7.500   0.7943   0.01656   
   7.750   0.8129   0.01727   
   8.000   0.8306   0.01826   
   8.250   0.8464   0.02022   
   8.500   0.8679   0.02088   
   8.750   0.8892   0.02165   
   9.000   0.9098   0.02262   
   9.250   0.9298   0.02386   
   9.500   0.9491   0.02521  
   9.750   0.9675   0.02665   
  10.000   0.9850   0.02814   
  10.250   1.0006   0.02980   
  10.500   1.0145   0.03157   
  10.750   1.0267   0.03334   
  11.000   1.0335   0.03602   
  11.250   1.0273   0.04034   
  11.500   1.0125   0.04440   
  11.750   1.0017   0.04664   
  12.000   0.9856   0.05044  
  12.500   0.9575   0.05828   
  12.750   0.9433   0.06254   
  13.000   0.9281   0.06739   
  13.250   0.9102   0.07327   