-19.750  -1.1602   0.08263   
 -19.500  -1.1570   0.07991  
 -19.250  -1.1541   0.07713   
 -19.000  -1.1510   0.07438   
 -18.750  -1.1483   0.07159   
 -18.500  -1.1453   0.06885   
 -18.250  -1.1421   0.06612   
 -18.000  -1.1358   0.06430   
 -17.750  -1.1320   0.06189   
 -17.500  -1.1277   0.05950   
 -17.250  -1.1236   0.05709   
 -17.000  -1.1187   0.05478   
 -16.750  -1.1138   0.05247   
 -16.500  -1.1078   0.05032   
 -16.250  -1.1023   0.04816   
 -16.000  -1.1016   0.04571   
 -15.750  -1.0984   0.04345   
 -15.500  -1.0934   0.04136   
 -15.250  -1.0877   0.03939   
 -15.000  -1.0811   0.03756   
 -14.750  -1.0731   0.03589   
 -14.500  -1.0681   0.03404   
 -14.250  -1.0658   0.03207   
 -14.000  -1.0600   0.03042   
 -13.750  -1.0522   0.02902   
 -13.500  -1.0434   0.02777   
 -13.250  -1.0358   0.02655   
 -13.000  -1.0323   0.02521   
 -12.750  -1.0272   0.02417   
 -12.500  -1.0225   0.02332   
 -12.250  -1.0196   0.02259   
 -12.000  -1.0238   0.02183   
 -11.750  -1.0298   0.02129   
 -11.500  -1.0384   0.02089   
 -11.250  -1.0247   0.02021   
 -11.000  -0.9947   0.01953   
 -10.750  -0.9644   0.01883   
 -10.500  -0.9363   0.01810   
 -10.250  -0.9084   0.01739   
 -10.000  -0.8772   0.01671   
  -9.750  -0.8432   0.01604   
  -9.500  -0.8147   0.01539   
  -9.250  -0.7867   0.01471   
  -9.000  -0.7570   0.01398   
  -8.750  -0.7408   0.01344   
  -8.500  -0.7197   0.01296   
  -8.250  -0.7005   0.01255  
  -8.000  -0.6793   0.01222   
  -7.750  -0.6567   0.01196   
  -7.500  -0.6349   0.01171   
  -7.250  -0.6114   0.01148   
  -7.000  -0.5877   0.01131   
  -6.750  -0.5640   0.01109   
  -6.500  -0.5394   0.01095   
  -6.250  -0.5156   0.01075   
  -6.000  -0.4902   0.01063  
  -5.750  -0.4661   0.01045   
  -5.500  -0.4403   0.01036   
  -5.250  -0.4162   0.01018   
  -5.000  -0.3906   0.01010   
  -4.750  -0.3657   0.00997   
  -4.500  -0.3407   0.00987   
  -4.250  -0.3152   0.00982   
  -4.000  -0.2903   0.00971   
  -3.750  -0.2647   0.00966  
  -3.500  -0.2389   0.00961   
  -3.250  -0.2134   0.00954   
  -2.750  -0.1615   0.00947   
  -2.500  -0.1354   0.00948   
  -2.250  -0.1096   0.00942   
  -2.000  -0.0835   0.00942   
  -1.750  -0.0580   0.00942   
  -1.500  -0.0315   0.00940   
  -1.250  -0.0057   0.00942   
  -1.000   0.0202   0.00944   
  -0.750   0.0464   0.00945   
  -0.500   0.0721   0.00950   
  -0.250   0.0977   0.00953   
   0.000   0.1237   0.00956   
   0.250   0.1491   0.00963   
   0.500   0.1749   0.00967   
   0.750   0.2007   0.00974   
   1.250   0.2520   0.00987   
   1.500   0.2769   0.00995   
   1.750   0.3029   0.01001   
   2.000   0.3281   0.01011   
   2.250   0.3532   0.01020   
   2.500   0.3787   0.01030   
   2.750   0.4032   0.01044   
   3.000   0.4288   0.01053   
   3.250   0.4529   0.01071   
   3.500   0.4775   0.01085  
   3.750   0.5016   0.01102   
   4.000   0.5243   0.01124   
   4.250   0.5490   0.01141   
   4.750   0.5958   0.01185   
   5.000   0.6176   0.01212   
   5.250   0.6416   0.01233   
   5.500   0.6636   0.01263   
   5.750   0.6880   0.01287  
   6.000   0.7112   0.01318   
   6.250   0.7389   0.01349   
   6.500   0.7618   0.01385   
   6.750   0.7956   0.01424   
   7.000   0.8270   0.01468  
   7.250   0.8546   0.01515   
   7.500   0.8887   0.01581   
   7.750   0.9183   0.01659   
   8.000   0.9376   0.01783  
   8.250   0.9605   0.01890   
   8.500   0.9900   0.01966   
   8.750   1.0192   0.02041   
   9.000   1.0297   0.02094   
   9.250   1.0216   0.02136   
   9.500   1.0174   0.02188   
   9.750   1.0167   0.02254   
  10.000   1.0188   0.02331   
  10.250   1.0225   0.02423   
  10.500   1.0273   0.02530   
  10.750   1.0327   0.02654   
  11.000   1.0375   0.02798   
  11.250   1.0432   0.02947   
  11.500   1.0514   0.03089   
  11.750   1.0587   0.03246   
  12.000   1.0652   0.03416   
  12.250   1.0710   0.03600   
  12.500   1.0760   0.03798  
  12.750   1.0804   0.04009   
  13.000   1.0841   0.04231   
  13.250   1.0873   0.04466   
  13.500   1.0901   0.04711   
  13.750   1.0925   0.04965   
  14.000   1.0946   0.05224   
  14.250   1.0970   0.05484   
  14.500   1.0993   0.05750   
  14.750   1.1016   0.06018   
  15.000   1.1046   0.06277   
  15.250   1.1072   0.06544   
  15.500   1.1111   0.06796   
  15.750   1.1146   0.07054   
  16.000   1.1192   0.07295   
  16.250   1.1245   0.07527   
  16.500   1.1302   0.07756   
  16.750   1.1372   0.07965   
  17.000   1.1450   0.08160   
  17.250   1.1537   0.08343   
  17.500   1.1631   0.08512   
  17.750   1.1731   0.08674   
  18.000   1.1842   0.08816   
  18.250   1.1961   0.08945   
  18.500   1.2085   0.09067   
  18.750   1.2214   0.09178   
  19.000   1.2309   0.09350   
  19.250   1.2385   0.09557   