 -17.750  -1.0298   0.12468   
 -17.500  -1.0693   0.11191   
 -17.250  -1.0995   0.10168   
 -17.000  -1.1249   0.09280   
 -16.750  -1.1466   0.08496   
 -16.500  -1.1653   0.07799   
 -16.250  -1.1812   0.07170   
 -16.000  -1.1949   0.06606   
 -15.750  -1.2058   0.06100   
 -15.500  -1.2144   0.05648   
 -15.250  -1.2215   0.05237   
 -15.000  -1.2315   0.04811   
 -14.750  -1.2349   0.04484   
 -14.500  -1.2347   0.04212   
 -14.250  -1.2325   0.03975   
 -14.000  -1.2291   0.03762   
 -13.750  -1.2249   0.03570   
 -13.500  -1.2199   0.03394   
 -13.250  -1.2139   0.03236   
 -13.000  -1.2065   0.03098   
 -12.750  -1.1977   0.02979   
 -12.500  -1.1907   0.02837   
 -12.250  -1.1850   0.02684   
 -12.000  -1.1748   0.02586   
 -11.750  -1.1622   0.02501  
 -11.500  -1.1470   0.02416   
 -11.250  -1.1306   0.02336   
 -11.000  -1.1126   0.02267   
 -10.750  -1.0994   0.02143   
 -10.500  -1.0815   0.02069   
 -10.250  -1.0618   0.02009   
 -10.000  -1.0416   0.01951   
  -9.750  -1.0223   0.01882   
  -9.500  -1.0053   0.01794   
  -9.250  -0.9846   0.01743   
  -9.000  -0.9632   0.01700   
  -8.750  -0.9450   0.01628   
  -8.500  -0.9250   0.01577   
  -8.250  -0.9040   0.01537   
  -8.000  -0.8851   0.01479  
  -7.750  -0.8647   0.01437   
  -7.500  -0.8439   0.01400   
  -7.250  -0.8245   0.01350  
  -7.000  -0.8036   0.01316   
  -6.750  -0.7836   0.01275   
  -6.500  -0.7633   0.01237   
  -6.250  -0.7424   0.01204   
  -6.000  -0.7216   0.01171  
  -5.750  -0.7007   0.01136   
  -5.500  -0.6797   0.01102   
  -5.250  -0.6582   0.01072   
  -5.000  -0.6274   0.01036   
  -4.750  -0.5903   0.01000   
  -4.500  -0.5529   0.00966   
  -4.250  -0.5172   0.00932   
  -4.000  -0.4798   0.00900   
  -3.750  -0.4410   0.00869   
  -3.500  -0.4066   0.00840   
  -3.250  -0.3690   0.00813   
  -3.000  -0.3306   0.00786   
  -2.750  -0.2994   0.00761   
  -2.500  -0.2655   0.00737   
  -2.250  -0.2374   0.00715   
  -2.000  -0.2089   0.00696   
  -1.750  -0.1812   0.00678   
  -1.500  -0.1552   0.00662   
  -1.250  -0.1293   0.00648  
  -1.000  -0.1034   0.00638   
  -0.750  -0.0777   0.00628   
  -0.500  -0.0517   0.00622   
  -0.250  -0.0259   0.00618   
   0.000   0.0000   0.00618   
   0.250   0.0259   0.00618   
   0.500   0.0517   0.00622   
   0.750   0.0777   0.00628  
   1.000   0.1034   0.00638   
   1.250   0.1293   0.00648  
   1.500   0.1552   0.00662  
   1.750   0.1812   0.00678   
   2.000   0.2089   0.00696   
   2.250   0.2374   0.00716  
   2.500   0.2655   0.00737   
   2.750   0.2995   0.00761  
   3.000   0.3307   0.00786   
   3.250   0.3690   0.00813   
   3.500   0.4066   0.00840   
   3.750   0.4410   0.00869   
   4.000   0.4798   0.00900   
   4.250   0.5172   0.00932  
   4.500   0.5530   0.00966  
   4.750   0.5904   0.01000   
   5.000   0.6275   0.01036   
   5.250   0.6581   0.01072   
   5.500   0.6796   0.01102  
   5.750   0.7007   0.01136  
   6.000   0.7215   0.01170  
   6.250   0.7424   0.01204  
   6.500   0.7632   0.01236   
   6.750   0.7835   0.01275  
   7.000   0.8036   0.01316  
   7.250   0.8244   0.01350   
   7.500   0.8439   0.01399   
   7.750   0.8646   0.01437  
   8.000   0.8851   0.01479   
   8.250   0.9040   0.01537  
   8.500   0.9250   0.01577   
   8.750   0.9450   0.01628   
   9.000   0.9632   0.01699   
   9.250   0.9847   0.01743   
   9.500   1.0054   0.01794   
   9.750   1.0224   0.01882   
  10.000   1.0417   0.01951  
  10.250   1.0620   0.02009  
  10.500   1.0817   0.02069   
  10.750   1.0995   0.02144   
  11.000   1.1128   0.02267   
  11.250   1.1309   0.02336   
  11.500   1.1474   0.02416   
  11.750   1.1626   0.02500   
  12.000   1.1753   0.02586   
  12.250   1.1855   0.02684   
  12.500   1.1912   0.02838  
  12.750   1.1984   0.02980   
  13.000   1.2072   0.03098   
  13.250   1.2147   0.03236  
  13.500   1.2208   0.03392   
  13.750   1.2259   0.03568   
  14.000   1.2302   0.03761 
  14.250   1.2337   0.03973   
  14.500   1.2360   0.04209   
  14.750   1.2363   0.04481   
  15.000   1.2327   0.04811   
  15.250   1.2219   0.05247   
  15.500   1.2159   0.05646  
  15.750   1.2073   0.06100  
  16.000   1.1964   0.06607 
  16.250   1.1828   0.07171   
  16.500   1.1669   0.07801  
  16.750   1.1482   0.08501   
  17.000   1.1265   0.09286  
  17.250   1.1011   0.10176   
  17.500   1.0705   0.11207  
  17.750   1.0302   0.12505   
  18.000   0.7725   0.21140   