 -11.250  -0.5976   0.05469   
 -11.000  -0.6111   0.05069   
 -10.750  -0.6283   0.04752   
 -10.500  -0.6616   0.04570   
 -10.250  -0.6680   0.04275   
 -10.000  -0.6465   0.03554   
  -9.750  -0.6219   0.03118   
  -9.500  -0.5915   0.02768   
  -9.250  -0.5645   0.02497   
  -9.000  -0.5330   0.02260   
  -8.750  -0.4985   0.02073   
  -8.500  -0.4627   0.01916   
  -8.250  -0.4323   0.01795   
  -8.000  -0.4011   0.01690   
  -7.750  -0.3680   0.01596   
  -7.500  -0.3381   0.01495   
  -7.250  -0.3109   0.01390   
  -7.000  -0.2808   0.01322   
  -6.750  -0.2542   0.01267   
  -6.500  -0.2259   0.01218   
  -6.250  -0.1979   0.01156   
  -6.000  -0.1702   0.01106   
  -5.750  -0.1417   0.01031   
  -5.500  -0.1143   0.00993   
  -5.250  -0.0862   0.00955   
  -5.000  -0.0583   0.00917   
  -4.750  -0.0301   0.00874   
  -4.500  -0.0017   0.00833  
  -4.250   0.0267   0.00807  
  -4.000   0.0553   0.00793   
  -3.750   0.0838   0.00782  
  -3.500   0.1123   0.00776   
  -3.250   0.1407   0.00770   
  -3.000   0.1692   0.00766   
  -2.750   0.1978   0.00764   
  -2.500   0.2263   0.00761   
  -2.250   0.2548   0.00760   
  -2.000   0.2832   0.00758   
  -1.750   0.3117   0.00758   
  -1.500   0.3400   0.00759   
  -1.250   0.3683   0.00758   
  -1.000   0.3965   0.00761   
  -0.750   0.4244   0.00763   
  -0.500   0.4524   0.00768   
  -0.250   0.4802   0.00773   
   0.000   0.5081   0.00778   
   0.250   0.5360   0.00786   
   0.500   0.5637   0.00792   
   0.750   0.5913   0.00803   
   1.000   0.6189   0.00812   
   1.250   0.6467   0.00823   
   1.500   0.6742   0.00832  
   1.750   0.7019   0.00844   
   2.000   0.7293   0.00855   
   2.250   0.7565   0.00868   
   2.500   0.7838   0.00882   
   2.750   0.8110   0.00894   
   3.250   0.8653   0.00920   
   3.500   0.8924   0.00934   
   3.750   0.9192   0.00950   
   4.000   0.9460   0.00964   
   4.250   0.9725   0.00981   
   4.500   0.9986   0.01000   
   4.750   1.0243   0.01021   
   5.000   1.0501   0.01040  
   5.250   1.0754   0.01060  
   5.500   1.0998   0.01078   
   5.750   1.1168   0.01074   
   6.000   1.1418   0.01104  
   6.250   1.1666   0.01143  
   6.500   1.1909   0.01186   
   6.750   1.2136   0.01241  
   7.000   1.2363   0.01296   
   7.250   1.2582   0.01356  
   7.500   1.2804   0.01411   
   7.750   1.3027   0.01463   
   8.000   1.3242   0.01519  
   8.250   1.3448   0.01580   
   8.500   1.3672   0.01624   
   8.750   1.3877   0.01680   
   9.000   1.4067   0.01743   
   9.250   1.4255   0.01805   
   9.500   1.4422   0.01876   
   9.750   1.4607   0.01925   
  10.000   1.4736   0.01999   
  10.250   1.4897   0.02053   
  10.500   1.5013   0.02134   
  10.750   1.5135   0.02212   
  11.000   1.5238   0.02305   
  11.250   1.5283   0.02439   
  11.500   1.5391   0.02538  
  11.750   1.5514   0.02630   
  12.000   1.5617   0.02739   
  12.250   1.5687   0.02878  
  12.500   1.5694   0.03074   
  12.750   1.5792   0.03204   
  13.000   1.5909   0.03322   
  13.250   1.6010   0.03458   
  13.500   1.6082   0.03623   
  13.750   1.6135   0.03815   
  14.000   1.6135   0.04066  
  14.250   1.6189   0.04272  
  14.500   1.6260   0.04466   
  14.750   1.6318   0.04680   
  15.000   1.6359   0.04921   
  15.250   1.6362   0.05217   
  15.500   1.6310   0.05596  
  15.750   1.6356   0.05859   
  16.000   1.6399   0.06134   
  16.250   1.6406   0.06466  
  16.500   1.6354   0.06895   
  16.750   1.6358   0.07250   
  17.000   1.6332   0.07656   
  17.250   1.6268   0.08138   
  17.500   1.6162   0.08702   
  17.750   1.6042   0.09304   
  18.000   1.5897   0.09966   
  18.250   1.5756   0.10642   
  18.500   1.5607   0.11344   
  18.750   1.5445   0.12089   
  19.000   1.5286   0.12843   