0
0
0
0
0
-21.9
-22.0
-20.2
21.090000000000117
28.110000000000475
27.390000000000697
26.080000000000606
25.23000000000048
24.16000000000041
22.830000000000382
21.570000000000356
21.000000000000256
19.88000000000024
14.679999999999994
17.67000000000008
13.789999999999992
12.909999999999991
12.119999999999994
11.379999999999995
10.669999999999995
10.029999999999996
11.339999999999986
10.799999999999981
10.29999999999998
9.78999999999998
9.339999999999973
8.929999999999989
8.51999999999999
8.13999999999999
7.76999999999999
7.419999999999992
7.109999999999993
6.809999999999994
6.539999999999995
6.259999999999974
6.009999999999967
5.759999999999987
5.519999999999987
5.299999999999998
5.089999999999997
4.88
4.669999999999997
4.4799999999999995
4.299999999999996
4.119999999999998
3.9499999999999975
3.7899999999999965
3.619999999999998
3.4699999999999966
3.3299999999999925
3.1799999999999864
3.049999999999992
2.9099999999999904
2.779999999999994
3.549999999999991
2.789999999999991
3.4299999999999935
3.3199999999999923
2.429999999999989
2.3199999999999847
2.2099999999999858
2.139999999999993
2.0299999999999994
2.01
1.8600000000000003
1.8000000000000003
2.4
1.7600000000000002
1.7000000000000002
1.4200000000000002
1.36
2.1199999999999997
1.1
1.4400000000000002
1.5100000000000002
1.3199999999999985
0.8899999999999988
0.7799999999999971
1.3200000000000012
0.8000000000000012
0.5300000000000014
0.5200000000000027
0.4500000000000028
0.4899999999999997
0.31000000000000066
0.2400000000000034
0.1700000000000031
0.21000000000000155
0.08000000000000304
0.2900000000000084
0.10000000000000886
0.30000000000000865
-0.09999999999999115
0.32000000000000867
-0.19999999999999102
