0
0
0
0
0
35.6500000000008
33.70000000000072
32.15000000000059
30.350000000000442
28.95000000000031
27.45000000000018
26.150000000000063
25.099999999999955
24.049999999999855
22.999999999999762
22.19999999999968
21.449999999999605
20.599999999999536
19.249999999999467
17.6499999999994
16.49999999999935
14.899999999999299
13.749999999999261
13.049999999999237
12.549999999999223
11.949999999999214
11.349999999999213
10.79999999999922
10.299999999999233
9.799999999999255
9.349999999999284
8.94999999999932
8.499999999999364
8.099999999999415
7.749999999999465
7.449999999999512
7.149999999999556
6.849999999999599
6.54999999999964
6.299999999999679
5.999999999999717
5.799999999999752
5.549999999999786
5.299999999999818
5.099999999999848
4.899999999999876
4.6999999999999025
4.499999999999927
4.29999999999995
4.149999999999971
3.949999999999991
3.8000000000000087
3.650000000000025
3.500000000000039
3.3500000000000516
3.2000000000000624
3.0500000000000713
2.9000000000000785
2.8000000000000838
3.000000000000086
2.900000000000088
2.700000000000088
2.5500000000000864
2.5500000000000824
2.400000000000077
2.25000000000007
2.1000000000000636
2.0000000000000573
2.0500000000000513
1.9000000000000457
1.800000000000041
1.6500000000000365
1.5500000000000327
1.4500000000000293
1.5500000000000265
1.450000000000024
1.2500000000000218
1.10000000000002
1.4000000000000181
1.2500000000000162
0.9000000000000147
0.8500000000000139
1.200000000000013
1.0500000000000123
0.6000000000000117
0.5500000000000111
0.5000000000000104
0.4500000000000097
0.40000000000000907
0.25000000000000844
0.3500000000000076
0.35000000000000675
0.10000000000000586
0.3000000000000058
0.3000000000000057
0.3000000000000055
0.30000000000000515
-0.0999999999999952
-0.19999999999999574
-0.19999999999999574
