0
0
0
0
0
0.5657620658462827
0.44864063390131187
0.3760461328570817
0.31759443940617704
0.26785108929215934
0.23171713053349818
0.2002368603388872
0.17460005887901273
0.15397964273786235
0.13681700970767763
0.12231465294886534
0.10976815439864532
0.09905936494805216
0.09070482289564323
0.08182019787700925
0.07323758338929921
0.06750225735037273
0.06241262121045884
0.05788017977229185
0.05376146605257591
0.05006965813863998
0.04649639417227665
0.04356382362155649
0.04086533982518666
0.03854786924361046
0.03631723361149382
0.03423053316918152
0.032381623652764625
0.030652032720986738
0.029098994712417538
0.02765157165339382
0.02622508217914514
0.024935029405032588
0.02366548893719084
0.02257857219556861
0.02149602471895604
0.020527007277041223
0.019614400403592733
0.018738158298566347
0.017908244634640823
0.017166004919638142
0.016472015375400943
0.015798582557879536
0.015187732103606116
0.014582640755215433
0.014032832576566977
0.013504428019631696
0.013016799271436506
0.012535606217585918
0.012100398346854103
0.011668996831033127
0.011270122985171148
0.010871950652692247
0.010512903259195168
0.009820694995647332
0.009543190170639504
0.009269691938565623
0.008999577028134502
0.008735629141241817
0.008481013804497737
0.008237592751718401
0.008005149041153257
0.007782342131513362
0.00756211540890086
0.007356615610329034
0.007153611419521204
0.006963806546207332
0.006775792878027513
0.006596896955985037
0.0064270204855873024
0.0062605628053306
0.006100967914470894
0.005946675500336014
0.005802522846010962
0.005659769629836003
0.005523364049129299
0.005390301220575682
0.0052607115477438645
0.005137834607855718
0.005017602833825893
0.00490398771242053
0.004790328560486967
0.004684159483678367
0.004578367637374046
0.004480799948581106
0.004383314658182984
0.004287957127972405
0.004196395542369909
0.0041090434194015115
0.004019832306931298
0.003940888376687456
0.003860503876410937
0.0037792358228262227
0.0037057508318983114
0.003631301272702809
