0.3333333333333333
0.3333333333333333
0.3333333333333333
0.3333333333333333
0.3333333333333333
0.2184042925484381
0.3007095536725589
0.311390506959904
0.30284688092025425
0.30847223351139436
0.311900645086845
0.3137365983048611
0.31833366363015336
0.31880773356521713
0.3219513302574202
0.31988053766502256
0.3125171572536005
0.32225535103875963
0.30736648922827564
0.3253992263564466
0.3262547444603456
0.33167692347261524
0.3367560279043739
0.3394318796528053
0.33562461443867264
0.33722201437229676
0.339988896449178
0.3426909621185112
0.3440800503739576
0.34713088106301454
0.34871838743045636
0.3486687844115088
0.3529637873736476
0.35560033423104753
0.3564098465244895
0.35450294549331707
0.3542118131417346
0.3548260571454643
0.35640577094488646
0.3549952985191446
0.3577008269110108
0.35488900981564
0.35628996682725567
0.35781902070797994
0.35691252563262127
0.3560282137502513
0.35711513577181353
0.35727999621764633
0.3584989574972381
0.3581239517765524
0.35835461429723503
0.3580077467745922
0.35879273792797256
0.3584679494896154
0.35812667528098147
0.3589600932513206
0.35858024931032173
0.35811933064318735
0.3585237217676674
0.3351987556949524
0.3362586134433173
0.33703827418035254
0.33746424382505286
0.33799269187070463
0.33843645417622803
0.3388413254500506
0.3392013406868154
0.33929959639929197
0.33975710198915193
0.3401036272193929
0.3401931894921935
0.34043778589369333
0.3404613249309554
0.34045520674973884
0.3409624557253063
0.34098368312592797
0.3412118395475926
0.34119769482179474
0.3413487556107472
0.3414767547099663
0.34054102885917875
0.34150531060541806
0.3418342375198625
0.34185952208068104
0.3418585108179024
0.34150915633424567
0.3411369185249307
0.3420672310244774
0.3416609667507171
0.3422090214543198
0.3422255142043128
0.3418586794773526
0.3421952468540344
0.3423829157314535
0.34198649183541613
0.3415775858696063
0.34255795677280176
0.3424043949329289
0.34145354514786824
0.3425444691079822
