2
2
2
2
2
4.919999999989585
5.209999999989937
5.769999999990277
6.449999999990608
6.839999999990939
6.999999999991268
7.119999999991593
7.519999999991905
7.629999999992217
7.779999999992522
7.829999999992823
7.589999999993123
7.089999999993423
6.719999999993714
6.599999999993994
6.189999999994273
5.589999999994551
5.279999999994816
5.159999999995071
4.98999999999532
4.869999999995563
4.759999999995799
4.659999999996028
4.549999999996252
4.459999999996469
4.359999999996679
4.249999999996884
4.179999999997082
4.099999999997274
4.00999999999746
3.89999999999764
3.809999999997814
3.729999999997981
3.659999999998142
3.569999999998297
3.5099999999984455
3.419999999998588
3.359999999998724
3.2999999999988536
3.2299999999989772
3.1599999999990946
3.1099999999992054
3.04999999999931
2.9999999999994085
2.9499999999995006
2.8899999999995867
2.8399999999996663
2.7999999999997396
2.749999999999807
2.699999999999868
2.6599999999999224
2.609999999999971
2.5600000000000134
2.530000000000049
2.4200000000000803
2.4000000000001034
2.350000000000121
2.310000000000132
2.310000000000136
2.2700000000001346
2.230000000000127
2.1900000000001194
2.160000000000112
2.170000000000105
2.1300000000000985
2.100000000000092
2.0600000000000858
2.0300000000000797
2.0000000000000737
2.020000000000068
1.9900000000000622
1.940000000000057
1.900000000000052
1.9600000000000475
1.920000000000043
1.8300000000000387
1.8200000000000347
1.890000000000031
1.8500000000000274
1.750000000000024
1.7300000000000209
1.710000000000018
1.7000000000000153
1.6800000000000128
1.6500000000000106
1.6600000000000086
1.6500000000000068
1.6000000000000052
1.630000000000004
1.6200000000000028
1.6100000000000019
1.6100000000000012
1.5300000000000007
1.5000000000000004
1.5000000000000004
