0.0
0.0
0.0
0.0
0.0
65.2538928434717
63.72891576054636
58.776038199064075
14.725588246879688
6.484706366311194
5.163153871592634
4.947236465268343
4.368788270361275
4.021567482194893
4.0141495242326215
4.037971616642039
3.528398533748206
3.611949697817561
7.506595182580009
3.9402636826483324
7.233855812028832
7.250392634385706
7.226166792665548
7.213319467181808
7.2435092312821965
7.239036012857378
4.99918728232354
4.999803065046448
5.000302410917534
5.001546554438988
5.002056370275236
4.998219312894051
4.999380262140223
4.999622308501651
4.997793228265073
4.998871217479231
5.0009853885738496
4.9982316091807855
5.000224247492947
4.997235962957482
4.997351257942108
4.996512782969713
4.999060745620923
4.997694067235833
4.998445708995056
4.996476498806467
5.002699737959268
5.002848969873711
4.992219514692274
4.999673702107784
4.995635846791329
4.990792732994525
4.9992559330159505
4.999051162926257
4.986039599065878
4.9966463659973686
4.986558091821006
4.999695794058958
4.99906418542706
4.357162702958469
4.989137190914368
4.225167056832929
4.215063723328129
4.988650060113478
4.985759533310842
4.986235429081382
4.949930144155221
4.95670453666693
4.87642733143199
4.928974574438793
4.894229131893169
4.20208022964799
4.752423029287852
4.725158237525625
4.92019174590991
4.89743429814621
4.05680118260422
4.9982119478234885
4.581590139043343
4.4368630539735
4.553961516191937
4.912819664708867
4.953374758371872
4.34556699390953
4.799339336520569
5.004637362014161
4.951409109595836
4.959604944473389
4.859177429529285
4.9800812053712695
4.992272878131815
5.005710914440209
4.910355543039522
4.986168662564453
4.7231137550358
4.861155804663442
4.610261221582566
4.960397770177927
4.491534501678038
4.96364169072617
