0
0
0
0
0
0.498187113279247
0.46431404199455495
0.3839734268221675
0.3151314100936999
0.2681756345839109
0.2302262530082612
0.19969356005614128
0.1753583150725426
0.1543092868535222
0.13731786123794254
0.12204322695169523
0.10814551284916069
0.09894366206988284
0.0874656862457425
0.08182743620084482
0.07372182852517023
0.06726716917647471
0.06219020757482437
0.057764969935880026
0.0532108519986116
0.04959671844973128
0.046433486253351114
0.04356382362154578
0.040865339825172
0.038526015279456205
0.03629645932281681
0.03415328611565441
0.032457688818141414
0.0308016204469553
0.029172452931294394
0.027524003705693457
0.026084260473100387
0.024796441227903563
0.023648768511303146
0.022445423949345823
0.021510045817066985
0.02039911933832801
0.019537067010932142
0.01873815829856279
0.01789459141407374
0.017106923663105948
0.016434544046843372
0.015774738670289164
0.015187732103604298
0.014579213435101346
0.01403283257656574
0.013493507857118068
0.01301553014243573
0.012535015032936518
0.012080430508823067
0.011679274918471531
0.011270122985171143
0.010879513203896761
0.010523951312640887
0.0098217825722209
0.009545046748741279
0.009269408128723691
0.008992131109495573
0.008731678687869811
0.008479759809687406
0.008237647773955324
0.008004584930851941
0.007772504074578656
0.007562688424129677
0.00735801718088378
0.007153611419521484
0.006962541882088933
0.006772525679838595
0.006589342481266519
0.006428271530833539
0.006259762557331779
0.006103472781929281
0.0059466755003361625
0.005800131241119058
0.005658457782240314
0.005495780588117905
0.005385020964322107
0.005263096524001798
0.005138471005788489
0.005017651252535832
0.004893428231602314
0.004773100198797122
0.004684159483678399
0.004570711044173021
0.004480200096095099
0.004382168553249762
0.004280003469636506
0.004194366315436766
0.004108672427428198
0.004015177214650975
0.00392446842421945
0.0038605038764109494
0.003779235822826231
0.003687319465258788
0.003631301272702815
