0.0
0.0
0.0
0.0
0.0
11.838577251683255
6.952850604059613
5.921111592879761
6.2512965901483
5.598199013827461
5.272498827526356
4.957037207055475
4.376293840004831
4.072181492365246
3.7601619841535197
3.4826931798240217
3.4101793152561335
2.916279621025044
3.8109243482539945
3.9531344357689626
4.1338192207339866
4.714519851851335
5.0063280185331855
5.0060685918898855
4.9992467253450315
4.998511928805982
5.006784921036253
4.9998030650516885
5.000302410922478
4.996196350201496
4.996572623082459
4.998899770539074
4.999046076196519
4.999587074636853
4.9980698736754565
5.003852776358939
4.999419426487972
4.996180379293215
4.993892302047083
4.994313812724606
5.0038502504335325
4.992810680945594
4.990369607105299
4.997694067237246
4.991656545152273
4.993944298623234
4.981947419940137
4.988890462597652
4.9922195146929615
4.967339171893413
4.99563584679178
4.983594159159785
4.96651209601621
4.966171944644369
4.971353641964416
4.970909543956631
4.986558091820919
5.00717703136249
4.973098140486254
4.907162702958374
4.879137190914271
4.955167056832835
4.985063723328034
4.868650060113384
4.90575953331075
4.946235429081297
4.98993014415515
4.986704536666872
4.836427331431938
4.888974574438747
4.894229131893129
4.952080229647953
4.96242302928782
4.975158237525596
4.790191745909883
4.807434298146186
4.926801182604198
4.998211947823468
4.621590139043326
4.696863053973485
4.973961516191921
4.952819664708852
4.533374758371856
4.6155669939095185
4.999339336520559
4.98463736201415
4.971409109595828
4.959604944473382
4.949177429529275
5.040081205371262
4.882272878131811
4.825710914440206
5.020355543039518
4.76616866256445
4.713113755035802
4.661155804663445
4.61026122158257
4.960397770177932
5.011534501678042
4.963641690726174
