0.3333333333333333
0.3333333333333333
0.3333333333333333
0.3333333333333333
0.3333333333333333
0.28844032499666317
0.2802350271044463
0.3004882013003659
0.3164098801924802
0.3075281504601996
0.3158328406356062
0.31558386444726705
0.31537751578682105
0.3173249922242359
0.31966394606661297
0.3217685479706892
0.3220349093221086
0.32299522943680536
0.33334206760368423
0.32522173813726896
0.31598599249724185
0.31931709710093775
0.32275033581971097
0.32590117300648663
0.3280725096536428
0.33038325517941
0.34079001946156345
0.34269096211869865
0.3440800503741654
0.3474036799908819
0.348993003493513
0.3498670700085612
0.35173207486833047
0.35307344630121107
0.3551157133411715
0.35686486125115396
0.3569104197001278
0.3575874317149479
0.3567140199542477
0.3578704026948528
0.35740439417622777
0.3578762607092241
0.3581302034349523
0.35781902070807897
0.35723371134636933
0.3576335497618444
0.35807734979244354
0.35791960567914904
0.3584989574972976
0.3580574953846925
0.3583546142972783
0.35834022308518915
0.35866616098217224
0.3583199825555991
0.35879991862079513
0.3584325816296885
0.3585802493103214
0.3578129667538186
0.35792761733994666
0.33517431939505726
0.3362156092590953
0.33704505264685003
0.33764767852695093
0.33809303233269
0.33846928423135303
0.33883984130897477
0.3392170110433316
0.339581035547388
0.339740232516573
0.34006118619479225
0.34019318949218486
0.34047828639240607
0.3405689043666658
0.34071085481486996
0.34091900051384183
0.341012230570362
0.34112013381162365
0.34119769482178913
0.341440913381797
0.34152859080707015
0.34166007204097104
0.34172455980855587
0.34173280393197464
0.3418317982136829
0.34185635055720576
0.3419917020847202
0.3419433361232857
0.3420672310244759
0.3420358237280551
0.3422390244742234
0.3422841262018625
0.3422747392119284
0.3423036757386451
0.3424031624161386
0.34224624065112647
0.3425135497426972
0.342557956772801
0.3424043949329284
0.34257149035760964
0.34254446910798175
