2
2
2
2
2
3.800000000000003
3.9000000000000012
4.119999999999995
4.30999999999992
7.209999999999714
7.119999999999645
7.14999999999968
7.489999999999658
7.659999999999752
7.49999999999964
7.299999999999706
7.5899999999994066
7.299999999999627
4.419999999999975
6.609999999999736
4.079999999999986
3.9799999999999933
3.8899999999999886
3.7999999999999887
3.6999999999999833
3.609999999999992
4.769999999999991
4.659999999999958
4.549999999999979
4.459999999999951
4.3599999999999755
4.259999999999961
4.169999999999976
4.079999999999997
3.999999999999986
3.9199999999999946
3.8299999999999943
3.75
3.6599999999999797
3.5899999999999324
3.509999999999912
3.439999999999905
3.3699999999999
3.300000000000003
3.2299999999999764
3.1699999999999715
3.1099999999999928
3.0499999999999816
2.999999999999999
2.9399999999999777
2.8899999999999872
2.839999999999969
2.7899999999999823
2.7399999999999722
2.699999999999942
2.6499999999999333
2.609999999999946
2.5599999999999183
2.5199999999999414
2.579999999999956
2.369999999999968
2.559999999999949
2.529999999999973
2.2799999999999554
2.249999999999969
2.2199999999999696
2.199999999999984
2.169999999999997
2.159999999999997
2.120000000000001
2.1000000000000005
2.249999999999997
2.080000000000001
2.0600000000000005
1.9900000000000007
1.9700000000000004
2.1499999999999972
1.9000000000000001
1.9700000000000004
1.9800000000000006
1.9300000000000033
1.8300000000000025
1.8000000000000014
1.9100000000000021
1.7900000000000023
1.730000000000002
1.7200000000000035
1.7000000000000026
1.7000000000000017
1.6600000000000021
1.640000000000002
1.620000000000001
1.6200000000000023
1.5900000000000016
1.6199999999999966
1.579999999999997
1.6099999999999963
1.5299999999999976
1.5999999999999979
1.4999999999999987
