0.3333333333333333
0.3333333333333333
0.3333333333333333
0.3333333333333333
0.3333333333333333
0.2857419647193803
0.2809910563926146
0.3024626006010402
0.30854819832534347
0.31225591811966513
0.3133454641192593
0.3147502510473911
0.31614154235783076
0.31780179358505456
0.3190253918303856
0.32435802422420734
0.3209017747574099
0.3230077009994964
0.3309270863892676
0.3117186863678409
0.31598599249724185
0.31931709710093775
0.32275033581971097
0.32590117300648663
0.3280725096536428
0.33038325517941
0.3375470609957541
0.33551201406866094
0.3450686137275678
0.3459550419675677
0.3415023996017034
0.3426271912268776
0.3434058124673034
0.3486672118287313
0.3455205825610378
0.35020734146522153
0.3505008688436562
0.3509975647702513
0.35154404952859086
0.35180642122173666
0.3521578879939886
0.3525271794599637
0.3527753916685015
0.35326333673548377
0.35410804684991115
0.3559164342317167
0.35658343935190046
0.3573144513517955
0.35736618132252085
0.35454515762224337
0.35452586672160963
0.35483926389240583
0.35533052749008714
0.35521808840185465
0.3557097050161776
0.3553320251605536
0.3557939280825347
0.35595044515645047
0.3558590724279852
0.3352047709222903
0.33627909312255133
0.3370289141155874
0.33755912499628055
0.33818625571295124
0.33858783657579483
0.33899323064964554
0.33930090636305155
0.3396078914688203
0.3398543927476607
0.33996411304349483
0.34028925370641194
0.3405028170250564
0.34068345817186196
0.3407296339736184
0.34098607254009716
0.3411113825532644
0.341150528533857
0.34127427516301834
0.3414121330600185
0.34157558664515564
0.3416499987752382
0.3416090567594494
0.34178795834617104
0.34188817472679184
0.34194828477002925
0.3419643417013705
0.34191737647811415
0.3419689848770931
0.34221467148992635
0.3422721251293464
0.3422816366474476
0.3423331174345265
0.3423565621239444
0.34243735247753815
0.3424052280911858
0.3425087834422988
0.34254896498775217
0.34256351370042826
0.3425069900022528
0.3425702221537023
