2
2
2
2
2
4.219999999999991
4.359999999999991
6.0799999999992185
5.709999999999129
5.859999999999257
5.509999999999561
5.629999999999705
5.2399999999997595
4.970000000000016
4.849999999999923
4.75999999999998
6.189999999999855
6.649999999999903
7.5999999999997705
4.169999999999994
4.079999999999986
3.9799999999999933
3.8899999999999886
3.7999999999999887
3.6999999999999833
3.609999999999992
3.639999999999998
3.45999999999999
3.7399999999999816
3.649999999999975
3.2500000000000013
3.169999999999991
3.089999999999993
3.289999999999995
2.9599999999999955
3.17999999999999
3.0699999999999927
3.0099999999999913
2.96999999999999
2.8799999999999923
2.8299999999999828
2.7799999999999927
2.699999999999988
2.679999999999993
2.6699999999999977
2.679999999999993
2.6699999999999977
2.6699999999999933
2.659999999999998
2.379999999999991
2.3199999999999816
2.279999999999996
2.2699999999999916
2.209999999999996
2.199999999999997
2.1300000000000012
2.1100000000000008
2.0800000000000005
2.0300000000000007
1.990000000000001
2.0000000000000013
1.9900000000000007
1.8900000000000008
2.030000000000001
1.8200000000000014
1.7900000000000007
1.9800000000000009
1.9000000000000012
1.9800000000000009
1.8800000000000008
1.990000000000001
1.8100000000000012
1.7900000000000007
1.7800000000000007
1.7800000000000005
1.8000000000000012
1.8700000000000006
1.7700000000000005
1.8700000000000006
1.7700000000000005
1.8700000000000008
1.7700000000000005
1.6800000000000006
1.6700000000000004
1.6900000000000008
1.7700000000000007
1.6800000000000006
1.6700000000000004
1.7000000000000008
1.69
1.7700000000000002
1.67
1.6900000000000004
1.67
1.2899999999999967
1.3199999999999983
1.3099999999999976
1.2999999999999978
1.2099999999999986
1.21
