0.0
0.0
0.0
0.0
0.0
65.48536629358
65.57908461003308
7.737276462729419
5.975000170412887
5.659944007722427
6.334564649457548
5.843528231328946
6.543654517778766
7.510916799403599
7.535475515646407
7.507275989672365
3.4230241198859837
2.4867004262023293
1.223134957607197
7.247964216698572
7.233855812028832
7.250392634385706
7.226166792665548
7.213319467181808
7.2435092312821965
7.239036012857378
6.727413656513182
7.127703984683738
5.623730283153392
5.615014802210466
6.9561087028340145
6.976752165906885
7.005385610012097
5.717488533920856
6.949157804116971
5.547317200054267
5.730953068027305
5.695028678196709
5.571889864085297
5.707355043973583
5.652577973605834
5.609035110131708
5.738886900023837
5.553620062808906
5.341063574532366
5.076829867768022
4.896459839742097
4.684027240386558
4.507910961102657
5.621595551817395
5.730074608474082
5.730804885828512
5.544247980209073
5.681731444258162
5.506531429227216
5.727305351816769
5.633184064186759
5.606818563221816
5.728002664130248
5.317162702958461
5.109137190914362
5.015167056832924
5.50506372332812
4.478650060113472
5.675759533310826
5.726235429081367
4.309930144155214
4.6267045366669315
4.0164273314319905
4.438974574438793
3.684229131893171
4.582080229647989
4.562423029287853
4.475158237525625
4.34019174590991
4.077434298146214
3.5368011826042203
3.9882119478234883
3.2915901390433437
3.736863053973501
3.0539615161919356
3.4828196647088663
3.9133747583718694
3.8555669939095307
3.609339336520571
3.0246373620141616
3.4314091095958394
3.3796049444733924
3.0991774295292873
3.050081205371273
2.502272878131819
2.955710914440213
2.740355543039525
2.756168662564456
5.473113755035804
5.051155804663447
5.0202612215825715
4.990397770177933
5.821534501678044
5.673641690726175
