0
0
0
0
0
0.563471145308214
0.4492559795594258
0.37948102744632745
0.3179166131832597
0.2694004055058072
0.23000001224544872
0.1990523521331784
0.17324280085596735
0.15376477570256825
0.13637874405695422
0.12245377849471817
0.10896543512196334
0.09869964781047427
0.09087484462636324
0.0796403002500249
0.07323758338929921
0.06750225735037273
0.06241262121045884
0.05788017977229185
0.05376146605257591
0.05006965813863998
0.04697312801234855
0.043778239855274716
0.04136586514211699
0.03882044464563757
0.03628790388301045
0.034193729957911
0.03225522115258811
0.03062558098441521
0.028854768937519752
0.02747485306016178
0.026063201059919997
0.02476133085348695
0.02355494739068219
0.022428898858800454
0.021380915766642593
0.02040560016036167
0.019495273552058857
0.018645488018910177
0.017853358604285392
0.017144688503010385
0.01644685650977112
0.015794821199850026
0.015164706232635532
0.014527048822774355
0.013970982866554927
0.013453618002514534
0.012964702382188643
0.012493609705148427
0.012056333584724127
0.011628318231630507
0.011236889741648342
0.010858984315642728
0.010497046133801697
0.009822050302147648
0.009545930985116831
0.009269016238897568
0.008995981964960419
0.008739300492799229
0.008485543157333608
0.00824328076311544
0.008008169617890332
0.007783281362091558
0.007565993740369453
0.007353410563058362
0.007156695351931484
0.006964572614121579
0.006779273083966092
0.006597452121057934
0.006428951512972118
0.006263342803258464
0.006101798042904845
0.005948713746646678
0.005801775888983721
0.00566095916354153
0.005523115326700736
0.0053875190744735015
0.005262008283666894
0.005139128780920439
0.005019663674063316
0.004903388568902534
0.004789773289870727
0.004682105400465187
0.004582023785627422
0.004481461796629935
0.004383265972976849
0.004289073937780134
0.004197385547247647
0.004109669956596052
0.004022683438372904
0.003940804639968792
0.003860349149542088
0.0037819172847427824
0.0037046857036161633
0.0036317180450807294
