0
0
0
0
0
34.45000000000168
32.55000000000152
30.25000000000135
28.400000000001192
27.000000000001048
25.45000000000091
23.700000000000774
21.800000000000644
20.350000000000527
19.350000000000424
18.750000000000334
18.10000000000025
16.950000000000166
15.800000000000088
14.75000000000002
13.79999999999996
12.949999999999909
12.099999999999865
11.299999999999828
10.699999999999802
10.54999999999979
10.649999999999787
10.249999999999785
9.699999999999788
9.149999999999798
8.699999999999816
8.299999999999843
7.999999999999877
7.6999999999999105
7.1999999999999424
6.849999999999972
6.6499999999999995
6.200000000000026
5.90000000000005
5.650000000000072
5.4500000000000925
5.200000000000111
4.950000000000128
4.750000000000143
4.4500000000001565
4.300000000000168
4.150000000000177
3.7500000000001856
3.6500000000001913
3.550000000000195
3.4500000000001974
3.1000000000001986
3.000000000000197
2.900000000000194
2.850000000000189
2.550000000000183
2.4500000000001743
2.2000000000001645
2.1500000000001553
2.400000000000147
2.2000000000001383
2.2500000000001306
2.5000000000001235
2.350000000000116
1.800000000000108
1.650000000000101
1.4000000000000943
1.5000000000000884
1.2500000000000826
1.3500000000000776
1.1000000000000727
0.8500000000000683
0.9500000000000637
0.9500000000000595
1.200000000000055
1.400000000000051
1.250000000000047
0.8000000000000435
0.45000000000004037
0.45000000000003737
0.7000000000000342
0.850000000000031
0.6000000000000278
0.2500000000000251
0.15000000000002228
0.05000000000001936
-0.49999999999998357
-0.9499999999999866
-0.9499999999999889
-0.49999999999999023
0.3500000000000092
1.6000000000000094
2.5500000000000096
3.20000000000001
3.6000000000000094
3.500000000000009
3.000000000000008
2.1500000000000066
0.8000000000000052
-0.9999999999999964
