0.0
0.0
0.0
0.0
0.0
14.12970202793958
8.03960174862987
7.555467897308155
7.7226429173727595
7.795814172361698
7.696205332897545
7.733569947441119
7.910849250698661
7.853914500727836
7.4929092668008614
7.266566491691208
7.285279979228232
7.124662303570723
7.174551097385136
7.209798102651812
7.223897795289995
7.175376927082402
7.263434128643672
7.344394505402404
7.1981951859850515
6.508430080744196
5.740158646805982
5.6030270105042135
5.6574792055362995
5.7363470612858976
5.744048945812455
5.725044921466607
5.628550335538991
5.549451738306789
5.69838032875273
5.717338313989896
5.588288496996637
5.738130427726835
5.7522055332221065
5.728771343945678
5.6525779736058
5.653001988065965
5.664638773778548
5.634946615423368
5.705793751829572
5.6434069245967144
5.589320277015152
5.794435095953857
5.7047767278489365
5.621595551816873
5.5454140371305565
5.730804885828
5.6681015144047
5.611442488905544
5.506531429226759
5.664683950662131
5.624984247135145
5.740896199796372
5.65662718731755
5.507162702958313
5.579137190914221
5.405167056832792
5.035063723327998
5.068650060113351
5.5057595333107185
5.546235429081267
5.689930144155119
5.48670453666684
5.636427331431907
5.438974574438715
5.594229131893097
5.752080229647921
5.562423029287789
5.475158237525566
5.1401917459098545
4.857434298146159
4.926801182604173
5.298211947823445
5.571590139043304
5.496863053973463
5.173961516191902
4.952819664708835
5.133374758371842
5.415566993909506
5.4493393365205485
5.484637362014142
5.971409109595822
6.359604944473379
6.299177429529273
5.79008120537126
4.882272878131809
3.5757109144402035
2.570355543039514
1.866168662564446
1.4131137550357984
1.4611558046634414
1.9102612215825667
2.71039777017793
4.0115345016780415
5.763641690726175
