0.3333333333333333
0.3333333333333333
0.3333333333333333
0.3333333333333333
0.3333333333333333
0.1991980477172809
0.3018279381410146
0.31652073242226375
0.313766259026459
0.3043251815840845
0.303305415434957
0.30656733676527936
0.3129880532936326
0.31675931692001036
0.31889095789902255
0.30643781093578043
0.29571335032319
0.3033133029713428
0.30795915584487665
0.3121943075951632
0.3158791453247793
0.3203783256025337
0.3221487025666784
0.32405382673759847
0.3285594047025538
0.33757067550158926
0.34253880728311387
0.34399027196468407
0.34486862510325356
0.3459025008973314
0.34671147561169996
0.3475188760540436
0.3482227128730413
0.3491026850736598
0.34949382992519407
0.3495841064373296
0.35061669839318915
0.35078215096584797
0.35082616841271946
0.35088207344392214
0.352157887993983
0.35221724788499187
0.35222671539777495
0.35231408121753055
0.3533130699999235
0.35349385301903397
0.3536676662593914
0.3538969187022602
0.3542314440573036
0.3545451576222769
0.3548401663727061
0.35483926389244025
0.35502583638792723
0.35517730961488025
0.35570970501620863
0.3555833130064713
0.3555639605177138
0.3555773749638115
0.35596175571505817
0.3350150167574112
0.3362874997523652
0.337048806406517
0.33750815126005357
0.33812886869625036
0.3384469108398399
0.33874916585473086
0.33924433749580146
0.33939728053557927
0.33980508021556094
0.3398710021614304
0.3402352218678972
0.3403499046182544
0.3405259029816763
0.3408004124703196
0.3406839090825577
0.3410536736307386
0.34123366001771926
0.34109736524116796
0.3412368748311084
0.341408412632323
0.3415300072296282
0.3416637857197775
0.341802648212352
0.34183162430979974
0.3419397364179534
0.3419985783492854
0.34209181227924707
0.3419211692528543
0.34181107813937184
0.3420541279847015
0.3422320015022042
0.34230183052043966
0.3423102103573055
0.3423476892135429
0.34232234666628797
0.34242069735342917
0.3417661241579951
0.3424383690363905
0.34215383142437544
0.34205686336595775
