0
0
0
0
0
-21.979999999999993
-23.88999999999999
30.800000000000672
30.350000000000616
28.700000000000568
26.29000000000046
25.170000000000396
22.930000000000327
20.630000000000074
19.31000000000008
17.980000000000043
21.090000000000117
20.970000000000113
21.090000000000117
14.729999999999988
13.789999999999992
12.909999999999991
12.119999999999994
11.379999999999995
10.669999999999995
10.029999999999996
9.8
8.95
9.729999999999992
9.269999999999992
7.60999999999999
7.15999999999999
6.729999999999991
7.539999999999988
6.029999999999995
7.00999999999999
6.509999999999994
6.23999999999999
6.069999999999994
5.659999999999996
5.449999999999991
5.2399999999999975
4.869999999999998
4.819999999999999
4.8
4.829999999999999
4.8
4.81
4.8
3.549999999999999
3.2699999999999942
3.1
3.1199999999999997
2.8299999999999965
2.8499999999999983
2.4899999999999927
2.439999999999996
2.3300000000000005
2.080000000000001
2.5899999999999994
2.6699999999999977
2.6399999999999983
2.030000000000001
2.939999999999994
1.6300000000000008
1.4700000000000006
2.78
2.3599999999999977
2.869999999999999
2.349999999999999
3.0099999999999985
2.0200000000000005
1.9500000000000002
1.9500000000000002
2.0
2.179999999999996
2.6399999999999997
2.11
2.73
2.21
2.8200000000000003
2.32
1.82
1.81
1.9900000000000002
2.5100000000000002
2.039999999999999
2.0299999999999994
2.249999999999997
2.239999999999997
2.73
2.2199999999999998
2.3799999999999986
2.31
-0.4599999999999967
-0.08999999999999636
-0.10999999999999638
-0.1299999999999964
-1.0099999999999971
-0.909999999999997
