2
2
2
2
2
4.429999999994005
4.829999999994271
5.179999999994532
5.329999999994791
5.219999999995049
5.1499999999953
5.089999999995545
5.039999999995783
4.949999999996016
4.849999999996243
4.609999999996466
4.419999999996683
4.3799999999968895
4.2799999999970915
4.179999999997287
4.079999999997477
3.9999999999976596
3.8799999999978376
3.769999999998009
3.7099999999981734
3.7899999999983285
3.8999999999984767
3.8399999999986223
3.7299999999987627
3.619999999998897
3.5299999999990246
3.4499999999991457
3.3899999999992603
3.3299999999993686
3.2199999999994717
3.139999999999568
3.0999999999996573
2.9999999999997415
2.929999999999819
2.86999999999989
2.8299999999999543
2.770000000000013
2.7100000000000652
2.660000000000111
2.600000000000151
2.5600000000001844
2.5200000000002114
2.440000000000233
2.4100000000002475
2.3800000000002557
2.3500000000002577
2.2800000000002543
2.250000000000244
2.2200000000002333
2.200000000000223
2.140000000000213
2.110000000000203
2.0600000000001932
2.040000000000184
1.960000000000175
1.930000000000166
1.9300000000001574
1.960000000000149
1.9300000000001407
1.8400000000001329
1.8100000000001253
1.770000000000118
1.7700000000001108
1.730000000000104
1.7300000000000972
1.6900000000000908
1.6500000000000845
1.6500000000000785
1.6400000000000727
1.6600000000000672
1.6800000000000619
1.6500000000000568
1.5800000000000518
1.530000000000047
1.5200000000000427
1.5400000000000384
1.5500000000000345
1.5100000000000307
1.460000000000027
1.4400000000000237
1.4200000000000206
1.3600000000000176
1.310000000000015
1.3000000000000125
1.3300000000000103
1.4100000000000084
1.5700000000000067
1.7200000000000053
1.840000000000004
1.920000000000003
1.8900000000000021
1.7700000000000014
1.6100000000000008
1.4000000000000004
1.2000000000000002
