0
0
0
0
0
0.4696782563411134
0.46488913324233916
0.3864790110199014
0.3219401785596671
0.2678223672940261
0.22798895669447142
0.1978307686097106
0.17419209512295794
0.15384837254105777
0.1362484454676831
0.11764141696686195
0.1044150334094382
0.09518062214988394
0.08693523046881478
0.07967368239716956
0.07319907846980815
0.06758139621715345
0.06235786652376804
0.05772556295868112
0.053783039115426375
0.0503988655093401
0.04720046490338122
0.04415181463845219
0.04134981912089022
0.038818634036933974
0.0364956821508486
0.03437532735398401
0.032424342900549775
0.03064641535645009
0.028991725317631695
0.02744403979103799
0.02606480116790014
0.024750911441671287
0.02352291615965259
0.022383206702722154
0.02138091576664233
0.020392919660960032
0.01946955919679269
0.018608936419117622
0.017844038158185953
0.017091342004694587
0.016384460258896377
0.015728765901900095
0.01511165972489826
0.014527048822775458
0.013975517029069398
0.013453618002515598
0.012959091493140954
0.012490486200774824
0.012056333584724993
0.011633611373468957
0.011230623601703665
0.01085254052791871
0.010498013315529377
0.009813606993605093
0.009546293968369503
0.00926984910852859
0.008993912999702414
0.008737040334298188
0.008480159204305532
0.008234231579281827
0.008006132819670997
0.007775917773972923
0.007564318292212265
0.007350337242181592
0.007154960664584225
0.0069597982560422175
0.006774486791249816
0.006599544823482002
0.006420255280426295
0.006261724671623065
0.006104068894840351
0.0059440058787088145
0.005797228715015669
0.0056567285286068065
0.005520153169336457
0.005388837218773023
0.0052623536944548
0.0051378306160853714
0.005019472025574096
0.00490413829827766
0.004793505283875991
0.0046811059193074475
0.004573776064169515
0.004477104181723658
0.004382295396348235
0.004288475375709168
0.004196517858213336
0.004108027006214104
0.004021196946718382
0.003939257321100461
0.003846894739920637
0.0037798082426405495
0.003698857552958385
0.0036234163660134448
